0.0
0.0
0.0
0.0
0.0
0.0
0.0
0.0
0.0
0.0
0.0
0.0
0.0
0.0
0.0
0.0
0.0
0.0
0.0
0.0
0.0
0.0
0.0
0.0
0.0
0.0
0.0
0.0
0.0
0.0
0.0
0.0
0.0
0.0
0.0
0.0
0.0
0.0
0.0
0.0
0.0
0.0
0.0
0.0
0.0
0.0
0.0
0.0
0.0
0.0
0.0
0.0
0.0
0.0
0.0
0.0
0.0
0.0
0.0
0.0
0.0
0.0
0.0
0.0
0.0
0.0
0.0
0.0
0.0
0.0
0.0
0.0
0.0
0.0
0.0
0.0
0.0
0.0
0.0
0.0
0.0
0.0
0.0
0.0
0.0
0.0
0.0
0.0
0.0
0.0
0.0
0.0
0.0
0.0
0.0
0.0
0.0
0.0
0.0
0.0
0.0
0.0
0.0
0.0
0.0
0.0
0.0
0.0
0.0
0.0
0.0
0.0
0.0
0.0
0.0
0.0
0.0
0.0
0.0
0.0
0.0
0.0
0.0
0.0
0.0
0.0
0.0
0.0
0.0
0.0
0.0
0.0
0.0
0.0
0.0
0.0
0.0
0.0
0.0
0.0
0.0
0.0
0.0
0.0
0.0
0.0
0.0
0.0
0.0
0.0
0.0
0.0
0.0
0.0
0.0
0.0
0.0
0.0
0.0
0.0
0.0
0.0
0.0
0.0
0.0
0.0
0.0
0.0
0.0
0.0
0.0
0.0
0.0
0.0
0.0
0.0
0.0
0.0
0.0
0.0
0.0
0.0
0.0
0.0
0.0
0.0
0.0
0.0
0.0
0.0
0.0
0.0
0.0
0.0
0.0
0.0
0.0
0.0
0.0
0.0
0.0
0.0
0.0
0.0
0.0
0.0
0.0
0.0
0.0
0.0
0.0
0.0
0.0
0.0
0.0
0.0
0.0
0.0
0.0
0.0
0.0
0.0
0.0
0.0
0.0
0.0
0.0
0.0
0.0
0.0
0.0
0.0
0.0
0.0
0.0
0.0
0.0
0.0
0.0
0.0
0.0
0.0
0.0
0.0
0.0
0.0
0.0
0.0
0.0
0.0
0.0
0.0
0.0
0.0
0.0
0.0
0.0
0.0
0.0
0.0
0.0
0.0
0.0
0.0
0.0
0.0
0.0
0.0
0.0
0.0
0.0
0.0
0.0
0.0
0.0
0.0
0.0
0.0
0.0
0.0
0.0
0.0
0.0
0.0
0.0
0.0
0.0
0.0
0.0
0.0
0.0
0.0
0.0
0.0
0.0
0.0
0.0
0.0
0.0
0.0
0.0
0.0
0.0
0.0
0.0
0.0
0.0
0.0
0.0
0.0
0.0
0.0
0.0
0.0
0.0
0.0
0.0
0.0
0.0
0.0
0.0
0.0
0.0
0.0
0.0
0.0
0.0
0.0
0.0
0.0
0.0
0.0
0.0
0.0
0.0
0.0
0.0
0.0
0.0
0.0
0.0
0.0
0.0
0.0
0.0
0.0
0.0
0.0
0.0
0.0
0.0
0.0
0.0
0.0
0.0
0.0
0.0
0.0
0.0
0.0
0.0
0.0
0.0
0.0
0.0
0.0
0.0
0.0
0.0
0.0
0.0
0.0
0.0
0.0
0.0
0.0
0.0
0.0
0.0
0.0
0.0
0.0
0.0
0.0
0.0
0.0
0.0
0.0
0.0
0.0
0.0
0.0
0.0
0.0
0.0
0.0
0.0
0.0
0.0
0.0
0.0
0.0
0.0
0.0
0.0
0.0
0.0
0.0
0.0
0.0
0.0
0.0
0.0
0.0
0.0
0.0
0.0
0.0
0.0
0.0
0.0
0.0
0.0
0.0
0.0
0.0
0.0
0.0
0.0
0.0
0.0
0.0
0.0
0.0
0.0
0.0
0.0
0.0
0.0
0.0
0.0
0.0
0.0
0.0
0.0
0.0
0.0
0.0
0.0
0.0
0.0
0.0
0.0
0.0
0.0
0.0
0.0
0.0
0.0
0.0
0.0
0.0
0.0
0.0
0.0
0.0
0.0
0.0
0.0
0.0
0.0
0.0
0.0
0.0
0.0
0.0
0.0
0.0
0.0
0.0
0.0
0.0
0.0
0.0
0.0
0.0
0.0
0.0
0.0
0.0
0.0
0.0
0.0
0.0
0.0
0.0
0.0
0.0
0.0625
0.0
0.125
0.11764705882352941
0.17647058823529413
0.0625
0.125
0.125
0.3684210526315789
0.4444444444444444
0.5263157894736842
0.3888888888888889
0.29411764705882354
0.17647058823529413
0.42105263157894735
0.17647058823529413
0.3333333333333333
0.3888888888888889
0.23529411764705882
0.42105263157894735
0.2777777777777778
0.3333333333333333
0.4
0.2777777777777778
0.3333333333333333
0.45
0.47368421052631576
0.45
0.6363636363636364
0.4
0.3157894736842105
0.42857142857142855
0.3333333333333333
0.5238095238095238
0.55
0.3684210526315789
0.3684210526315789
0.4
0.2631578947368421
0.5238095238095238
0.4
0.5238095238095238
0.5
0.55
0.5909090909090909
0.5
0.55
0.5238095238095238
0.6666666666666666
0.8333333333333334
0.6190476190476191
0.6521739130434783
0.6956521739130435
0.6956521739130435
0.6521739130434783
0.5454545454545454
0.6521739130434783
0.76
0.5909090909090909
0.6086956521739131
0.7916666666666666
0.8333333333333334
0.76
0.6521739130434783
0.6956521739130435
0.76
0.7916666666666666
0.75
0.8333333333333334
0.7272727272727273
0.7916666666666666
0.782608695652174
0.8333333333333334
0.92
0.875
0.6956521739130435
0.8333333333333334
0.7272727272727273
0.8695652173913043
0.7727272727272727
0.8333333333333334
0.7727272727272727
0.7727272727272727
0.7142857142857143
0.7619047619047619
0.8695652173913043
0.7727272727272727
0.75
0.8095238095238095
0.8571428571428571
0.75
0.8
0.8571428571428571
0.6842105263157895
0.9047619047619048
0.7368421052631579
0.9047619047619048
0.9090909090909091
0.9047619047619048
0.9
0.85
0.9523809523809523
1.0
0.9047619047619048
0.9047619047619048
0.9545454545454546
0.8
0.85
0.9545454545454546
0.9047619047619048
0.9047619047619048
0.8
0.9523809523809523
0.8571428571428571
0.9523809523809523
0.8
0.9047619047619048
0.9047619047619048
0.8571428571428571
0.85
0.9090909090909091
0.9047619047619048
0.9090909090909091
0.9047619047619048
1.0
0.9047619047619048
1.0
0.8571428571428571
0.8
1.0
0.9
0.9090909090909091
0.9523809523809523
0.85
0.9090909090909091
0.8
0.9523809523809523
1.0
0.85
0.9545454545454546
0.9523809523809523
1.0
0.8
0.9523809523809523
0.9047619047619048
0.9090909090909091
1.0
0.9545454545454546
0.9047619047619048
0.9523809523809523
1.0
1.0
0.9545454545454546
0.9545454545454546
1.0
1.0
0.9523809523809523
0.9545454545454546
0.9523809523809523
1.0
0.9523809523809523
0.9
0.9523809523809523
0.9523809523809523
0.9
0.9523809523809523
0.9523809523809523
1.0
0.9523809523809523
1.0
0.9047619047619048
0.9523809523809523
0.9523809523809523
0.9047619047619048
0.9047619047619048
1.0
0.8
1.0
0.8571428571428571
0.9523809523809523
0.9545454545454546
0.9523809523809523
0.9523809523809523
0.9523809523809523
0.8095238095238095
0.9047619047619048
0.9047619047619048
1.0
0.9
0.9047619047619048
0.9047619047619048
0.8636363636363636
0.8636363636363636
0.9565217391304348
0.9090909090909091
0.9130434782608695
0.9565217391304348
0.9583333333333334
0.9583333333333334
0.9583333333333334
0.9583333333333334
0.9583333333333334
0.9130434782608695
0.8636363636363636
0.9583333333333334
0.8636363636363636
0.9130434782608695
0.8260869565217391
1.0
0.9166666666666666
0.92
0.9166666666666666
0.9166666666666666
0.9166666666666666
0.9615384615384616
1.0
0.8695652173913043
0.96
1.0
0.9166666666666666
0.9166666666666666
0.96
0.7727272727272727
0.96
1.0
0.9166666666666666
0.88
0.96
0.9583333333333334
0.96
0.8695652173913043
0.96
1.0
1.0
0.96
0.96
1.0
0.9166666666666666
1.0
1.0
0.96
1.0
0.9166666666666666
0.8695652173913043
0.8695652173913043
0.96
1.0
1.0
0.9130434782608695
1.0
0.9166666666666666
0.9583333333333334
1.0
0.96
0.9130434782608695
0.9166666666666666
0.9583333333333334
0.9583333333333334
0.9583333333333334
1.0
0.9583333333333334
1.0
1.0
0.9583333333333334
0.96
0.96
1.0
0.9583333333333334
0.9130434782608695
1.0
0.9583333333333334
0.96
0.96
0.9583333333333334
0.96
1.0
0.9166666666666666
1.0
0.9583333333333334
1.0
0.9583333333333334
1.0
1.0
1.0
1.0
1.0
1.0
1.0
1.0
1.0
1.0
1.0
1.0
0.9565217391304348
1.0
1.0
1.0
1.0
1.0
1.0
1.0
0.9583333333333334
0.9583333333333334
1.0
1.0
1.0
1.0
1.0
0.9583333333333334
1.0
1.0
0.9583333333333334
0.8636363636363636
0.9565217391304348
0.9565217391304348
1.0
1.0
0.9565217391304348
0.9130434782608695
0.9583333333333334
1.0
0.9565217391304348
1.0
1.0
0.9583333333333334
1.0
1.0
0.9565217391304348
0.8695652173913043
0.9130434782608695
0.9130434782608695
0.9565217391304348
1.0
0.8571428571428571
0.9565217391304348
0.9130434782608695
0.9565217391304348
0.9565217391304348
0.9545454545454546
1.0
0.9565217391304348
0.9090909090909091
1.0
1.0
0.9090909090909091
1.0
1.0
0.9090909090909091
1.0
1.0
1.0
0.9090909090909091
0.9565217391304348
1.0
1.0
1.0
1.0
1.0
1.0
1.0
1.0
1.0
0.9545454545454546
0.9047619047619048
1.0
1.0
1.0
0.9545454545454546
1.0
1.0
1.0
0.9565217391304348
1.0
1.0
0.9545454545454546
1.0
1.0
1.0
1.0
1.0
1.0
0.9545454545454546
1.0
0.9545454545454546
1.0
1.0
1.0
1.0
1.0
1.0
0.9545454545454546
1.0
0.9565217391304348
1.0
0.9565217391304348
1.0
1.0
0.9565217391304348
0.9565217391304348
1.0
1.0
0.9583333333333334
1.0
1.0
1.0
1.0
1.0
1.0
1.0
1.0
1.0
1.0
1.0
1.0
1.0
1.0
1.0
1.0
1.0
1.0
1.0
1.0
1.0
1.0
1.0
1.0
1.0
1.0
1.0
1.0
1.0
1.0
1.0
1.0
1.0
1.0
1.0
1.0
1.0
1.0
1.0
1.0
1.0
1.0
1.0
1.0
1.0
1.0
1.0
1.0
1.0
1.0
1.0
1.0
0.96
1.0
1.0
1.0
1.0
1.0
1.0
1.0
1.0
1.0
1.0
1.0
1.0
1.0
1.0
1.0
0.9583333333333334
1.0
1.0
1.0
0.9583333333333334
1.0
1.0
1.0
0.9583333333333334
1.0
1.0
0.9583333333333334
1.0
0.8695652173913043
0.9130434782608695
0.9130434782608695
0.9090909090909091
0.9583333333333334
0.9583333333333334
1.0
0.9583333333333334
0.9583333333333334
1.0
0.9583333333333334
0.9565217391304348
1.0
0.9565217391304348
1.0
1.0
1.0
0.9583333333333334
1.0
1.0
1.0
1.0
0.9583333333333334
1.0
1.0
1.0
1.0
1.0
1.0
1.0
1.0
1.0
1.0
1.0
1.0
1.0
1.0
1.0
1.0
1.0
1.0
1.0
1.0
1.0
1.0
0.9615384615384616
1.0
1.0
1.0
0.9629629629629629
0.9629629629629629
0.9629629629629629
1.0
1.0
0.9259259259259259
1.0
0.9629629629629629
1.0
1.0
1.0
1.0
1.0
1.0
1.0
1.0
0.9642857142857143
1.0
0.9642857142857143
1.0
0.9259259259259259
1.0
1.0
1.0
1.0
1.0
1.0
1.0
1.0
1.0
1.0
1.0
1.0
1.0
1.0
1.0
1.0
1.0
1.0
1.0
1.0
1.0
1.0
1.0
1.0
1.0
1.0
1.0
1.0
0.9629629629629629
1.0
1.0
0.9615384615384616
1.0
0.9615384615384616
1.0
1.0
1.0
1.0
1.0
1.0
1.0
1.0
1.0
1.0
1.0
0.96
1.0
1.0
1.0
1.0
0.96
1.0
0.9583333333333334
1.0
1.0
1.0
1.0
1.0
1.0
1.0
0.9583333333333334
1.0
1.0
1.0
1.0
1.0
1.0
1.0
1.0
1.0
1.0
1.0
1.0
1.0
1.0
1.0
1.0
1.0
1.0
1.0
1.0
1.0
1.0
1.0
1.0
1.0
1.0
1.0
1.0
0.9565217391304348
1.0
1.0
1.0
0.9565217391304348
1.0
1.0
1.0
1.0
1.0
1.0
1.0
1.0
1.0
1.0
1.0
1.0
1.0
1.0
0.9565217391304348
1.0
1.0
1.0
1.0
1.0
1.0
1.0
1.0
1.0
1.0
1.0
1.0
1.0
1.0
1.0
1.0
1.0
1.0
1.0
1.0
1.0
1.0
1.0
1.0
1.0
1.0
1.0
1.0
1.0
1.0
1.0
1.0
1.0
1.0
1.0
1.0
1.0
1.0
1.0
1.0
1.0
1.0
1.0
1.0
1.0
1.0
1.0
1.0
1.0
1.0
1.0
1.0
1.0
1.0
1.0
0.9565217391304348
1.0
1.0
1.0
1.0
1.0
1.0
0.9565217391304348
1.0
0.9565217391304348
0.9565217391304348
0.9565217391304348
1.0
0.9565217391304348
0.9565217391304348
1.0
0.9565217391304348
1.0
0.9565217391304348
1.0
0.9565217391304348
1.0
1.0
1.0
1.0
1.0
1.0
1.0
0.9565217391304348
1.0
1.0
1.0
1.0
1.0
1.0
1.0
1.0
1.0
1.0
1.0
1.0
1.0
1.0
1.0
1.0
1.0
1.0
1.0
1.0
1.0
1.0
1.0
1.0
1.0
1.0
1.0
1.0
1.0
1.0
1.0
1.0
1.0
1.0
1.0
1.0
1.0
1.0
1.0
1.0
1.0
1.0
1.0
1.0
1.0
1.0
1.0
1.0
1.0
1.0
1.0
1.0
1.0
0.9615384615384616
1.0
1.0
1.0
1.0
1.0
1.0
1.0
1.0
1.0
1.0
1.0
1.0
1.0
1.0
1.0
1.0
1.0
1.0
1.0
1.0
1.0
1.0
1.0
1.0
1.0
1.0
1.0
1.0
1.0
1.0
1.0
1.0
1.0
1.0
1.0
1.0
1.0
1.0
1.0
1.0
1.0
1.0
0.96
1.0
1.0
1.0
1.0
1.0
1.0
1.0
1.0
1.0
1.0
1.0
1.0
1.0
1.0
1.0
0.96
1.0
1.0
1.0
0.96
1.0
1.0
1.0
1.0
0.96
1.0
1.0
1.0
1.0
0.96
1.0
1.0
1.0
1.0
1.0
1.0
1.0
1.0
1.0
1.0
1.0
1.0
1.0
1.0
1.0
1.0
1.0
1.0
1.0
1.0
1.0
1.0
1.0
1.0
1.0
1.0
1.0
1.0
1.0
1.0
1.0
1.0
1.0
1.0
1.0
1.0
0.96
1.0
1.0
1.0
1.0
1.0
1.0
1.0
1.0
1.0
1.0
1.0
1.0
1.0
1.0
1.0
1.0
1.0
1.0
1.0
1.0
1.0
1.0
1.0
1.0
1.0
1.0
1.0
1.0
1.0
1.0
1.0
1.0
0.9583333333333334
1.0
1.0
1.0
1.0
1.0
1.0
1.0
1.0
1.0
1.0
1.0
1.0
1.0
1.0
1.0
1.0
1.0
1.0
1.0
1.0
1.0
1.0
1.0
1.0
1.0
1.0
1.0
1.0
1.0
1.0
1.0
1.0
1.0
1.0
1.0
1.0
1.0
1.0
1.0
1.0
1.0
1.0
1.0
1.0
1.0
1.0
1.0
1.0
1.0
1.0
1.0
1.0
1.0
1.0
1.0
1.0
1.0
1.0
1.0
1.0
1.0
1.0
1.0
1.0
1.0
1.0
1.0
1.0
1.0
1.0
1.0
1.0
1.0
1.0
1.0
1.0
1.0
1.0
1.0
1.0
1.0
1.0
1.0
1.0
1.0
1.0
1.0
1.0
1.0
1.0
1.0
1.0
1.0
1.0
1.0
1.0
1.0
1.0
1.0
1.0
1.0
1.0
1.0
1.0
1.0
1.0
1.0
1.0
1.0
1.0
1.0
1.0
1.0
1.0
1.0
1.0
1.0
1.0
1.0
1.0
1.0
1.0
1.0
1.0
1.0
1.0
1.0
1.0
1.0
1.0
1.0
1.0
1.0
1.0
1.0
1.0
1.0
1.0
1.0
1.0
1.0
1.0
1.0
1.0
1.0
1.0
1.0
1.0
1.0
1.0
1.0
1.0
1.0
1.0
1.0
1.0
1.0
1.0
1.0
1.0
1.0
1.0
1.0
1.0
1.0
1.0
1.0
1.0
1.0
1.0
1.0
1.0
1.0
1.0
1.0
1.0
1.0
1.0
1.0
1.0
1.0
1.0
1.0
1.0
1.0
1.0
1.0
1.0
1.0
1.0
1.0
1.0
1.0
1.0
1.0
1.0
1.0
1.0
1.0
1.0
1.0
1.0
1.0
1.0
1.0
1.0
1.0
1.0
1.0
1.0
1.0
1.0
1.0
1.0
1.0
1.0
1.0
1.0
1.0
1.0
1.0
1.0
1.0
1.0
1.0
1.0
1.0
1.0
1.0
1.0
1.0
1.0
1.0
1.0
1.0
1.0
1.0
1.0
1.0
1.0
1.0
1.0
1.0
1.0
1.0
1.0
1.0
1.0
1.0
1.0
1.0
1.0
1.0
1.0
1.0
1.0
1.0
1.0
1.0
1.0
1.0
1.0
1.0
1.0
1.0
1.0
1.0
1.0
1.0
1.0
1.0
1.0
1.0
1.0
1.0
1.0
1.0
1.0
1.0
1.0
1.0
1.0
1.0
1.0
1.0
1.0
1.0
1.0
1.0
1.0
1.0
1.0
1.0
1.0
1.0
1.0
1.0
1.0
1.0
1.0
1.0
1.0
1.0
1.0
1.0
1.0
1.0
1.0
1.0
1.0
1.0
1.0
1.0
1.0
1.0
1.0
1.0
1.0
1.0
1.0
1.0
1.0
1.0
1.0
1.0
1.0
1.0
1.0
1.0
1.0
1.0
1.0
1.0
1.0
1.0
1.0
1.0
1.0
1.0
1.0
1.0
1.0
1.0
1.0
1.0
1.0
1.0
1.0
1.0
1.0
1.0
1.0
1.0
1.0
1.0
1.0
1.0
1.0
1.0
1.0
1.0
1.0
1.0
1.0
1.0
1.0
1.0
1.0
1.0
1.0
1.0
1.0
1.0
1.0
1.0
1.0
1.0
1.0
1.0
1.0
1.0
1.0
1.0
1.0
1.0
1.0
1.0
1.0
1.0
1.0
1.0
1.0
1.0
1.0
1.0
1.0
1.0
0.9629629629629629
1.0
1.0
1.0
1.0
1.0
1.0
1.0
1.0
1.0
1.0
1.0
1.0
1.0
1.0
1.0
1.0
1.0
1.0
1.0
1.0
1.0
1.0
1.0
1.0
1.0
1.0
1.0
1.0
1.0
1.0
1.0
1.0
1.0
1.0
1.0
1.0
1.0
1.0
1.0
1.0
1.0
1.0
1.0
1.0
1.0
1.0
1.0
1.0
1.0
1.0
1.0
1.0
1.0
1.0
1.0
1.0
1.0
1.0
1.0
1.0
1.0
1.0
1.0
0.9615384615384616
1.0
1.0
1.0
1.0
1.0
1.0
1.0
1.0
1.0
1.0
1.0
1.0
1.0
1.0
1.0
1.0
1.0
1.0
1.0
1.0
1.0
1.0
1.0
1.0
1.0
1.0
1.0
1.0
1.0
1.0
1.0
1.0
1.0
1.0
1.0
1.0
1.0
1.0
1.0
1.0
1.0
1.0
1.0
1.0
1.0
1.0
1.0
1.0
1.0
1.0
1.0
1.0
1.0
1.0
1.0
1.0
1.0
1.0
1.0
1.0
1.0
1.0
1.0
1.0
1.0
1.0
1.0
1.0
1.0
1.0
1.0
1.0
1.0
1.0
1.0
1.0
1.0
1.0
1.0
1.0
1.0
1.0
1.0
1.0
1.0
1.0
1.0
1.0
1.0
1.0
1.0
1.0
1.0
1.0
1.0
1.0
1.0
1.0
1.0
1.0
1.0
1.0
1.0
1.0
1.0
1.0
1.0
1.0
1.0
1.0
1.0
1.0
1.0
1.0
1.0
1.0
1.0
1.0
1.0
1.0
1.0
1.0
1.0
1.0
1.0
1.0
1.0
1.0
1.0
1.0
1.0
1.0
1.0
1.0
1.0
1.0
1.0
1.0
1.0
1.0
1.0
1.0
1.0
1.0
1.0
1.0
1.0
1.0
1.0
1.0
1.0
1.0
1.0
1.0
1.0
1.0
1.0
1.0
1.0
1.0
1.0
1.0
1.0
1.0
1.0
1.0
1.0
1.0
1.0
1.0
1.0
1.0
1.0
1.0
1.0
1.0
1.0
1.0
1.0
1.0
1.0
1.0
1.0
1.0
1.0
1.0
1.0
1.0
1.0
1.0
1.0
1.0
1.0
1.0
1.0
1.0
1.0
1.0
1.0
1.0
1.0
1.0
1.0
1.0
1.0
1.0
1.0
1.0
1.0
1.0
1.0
1.0
1.0
1.0
1.0
1.0
1.0
1.0
1.0
1.0
1.0
1.0
1.0
1.0
1.0
1.0
1.0
1.0
1.0
1.0
1.0
1.0
1.0
1.0
1.0
1.0
1.0
1.0
0.9565217391304348
1.0
1.0
1.0
1.0
1.0
1.0
1.0
1.0
1.0
1.0
1.0
1.0
1.0
1.0
1.0
1.0
1.0
1.0
1.0
1.0
1.0
1.0
1.0
1.0
1.0
1.0
1.0
1.0
1.0
1.0
1.0
1.0
1.0
1.0
1.0
1.0
1.0
1.0
1.0
1.0
1.0
1.0
1.0
1.0
1.0
1.0
1.0
1.0
1.0
1.0
1.0
1.0
1.0
1.0
1.0
1.0
1.0
1.0
1.0
1.0
1.0
1.0
1.0
1.0
1.0
1.0
1.0
1.0
1.0
1.0
1.0
1.0
1.0
1.0
1.0
1.0
1.0
1.0
1.0
1.0
1.0
1.0
1.0
1.0
1.0
1.0
1.0
1.0
1.0
1.0
1.0
1.0
1.0
1.0
1.0
1.0
1.0
1.0
1.0
1.0
1.0
1.0
1.0
1.0
1.0
1.0
1.0
1.0
1.0
1.0
1.0
1.0
1.0
1.0
1.0
1.0
1.0
1.0
1.0
1.0
1.0
1.0
1.0
1.0
1.0
1.0
1.0
1.0
1.0
1.0
1.0
1.0
1.0
1.0
1.0
1.0
1.0
1.0
1.0
1.0
1.0
1.0
1.0
1.0
1.0
1.0
1.0
1.0
1.0
1.0
1.0
1.0
1.0
1.0
1.0
1.0
1.0
1.0
1.0
1.0
1.0
1.0
1.0
1.0
1.0
1.0
1.0
1.0
1.0
1.0
1.0
1.0
1.0
1.0
1.0
1.0
1.0
1.0
1.0
1.0
1.0
1.0
1.0
1.0
1.0
1.0
1.0
1.0
1.0
1.0
1.0
1.0
1.0
1.0
1.0
1.0
1.0
1.0
1.0
1.0
1.0
1.0
1.0
1.0
1.0
1.0
1.0
1.0
1.0
1.0
1.0
1.0
0.9583333333333334
1.0
1.0
1.0
1.0
1.0
1.0
1.0
1.0
1.0
1.0
1.0
1.0
1.0
1.0
1.0
1.0
1.0
1.0
1.0
1.0
1.0
1.0
1.0
1.0
1.0
1.0
1.0
1.0
1.0
0.9130434782608695
1.0
1.0
1.0
1.0
1.0
1.0
1.0
1.0
1.0
1.0
1.0
1.0
1.0
1.0
1.0
1.0
1.0
1.0
1.0
1.0
1.0
1.0
1.0
1.0
1.0
1.0
1.0
1.0
1.0
1.0
0.9583333333333334
1.0
1.0
1.0
0.9583333333333334
1.0
1.0
1.0
1.0
1.0
1.0
0.96
1.0
0.9166666666666666
1.0
0.8260869565217391
0.6666666666666666
0.3888888888888889
0.5263157894736842
0.5789473684210527
0.23529411764705882
0.35294117647058826
0.29411764705882354
0.29411764705882354
0.23529411764705882
0.29411764705882354
0.29411764705882354
0.29411764705882354
0.35294117647058826
0.29411764705882354
0.29411764705882354
0.3888888888888889
0.29411764705882354
0.4444444444444444
0.1875
0.5789473684210527
0.8260869565217391
0.7142857142857143
0.9166666666666666
1.0
1.0
0.96
0.96
1.0
0.96
1.0
1.0
0.9166666666666666
1.0
1.0
1.0
1.0
1.0
0.9166666666666666
1.0
1.0
1.0
0.96
1.0
1.0
1.0
1.0
1.0
1.0
1.0
1.0
0.9583333333333334
1.0
1.0
1.0
1.0
1.0
1.0
1.0
0.9166666666666666
1.0
1.0
1.0
1.0
1.0
1.0
1.0
1.0
1.0
1.0
1.0
1.0
1.0
1.0
0.96
1.0
1.0
0.96
1.0
1.0
1.0
1.0
1.0
1.0
1.0
1.0
1.0
1.0
1.0
1.0
1.0
1.0
1.0
1.0
1.0
1.0
1.0
1.0
1.0
1.0
1.0
1.0
1.0
1.0
1.0
1.0
1.0
1.0
1.0
1.0
1.0
1.0
1.0
1.0
1.0
1.0
1.0
1.0
1.0
1.0
1.0
1.0
1.0
