0.0
0.0
0.0
0.0
0.0
0.0
0.0
0.0
0.0
0.0
0.0
0.0
0.0
0.0
0.0
0.0
0.0
0.0
0.0
0.0
0.0
0.0
0.0
0.0
0.0
0.0
0.0
0.0
0.0
0.0
0.0
0.0
0.0
0.0
0.0
0.0
0.0
0.0
0.0
0.0
0.0
0.0
0.0
0.0
0.0
0.0
0.0
0.0
0.0
0.0
0.0
0.0
0.0
0.0
0.0
0.0
0.0
0.0
0.0
0.0
0.0
0.0
0.0
0.0
0.0
0.0
0.0
0.0
0.0
0.0
0.0
0.0
0.0
0.0
0.0
0.0
0.0
0.0
0.0
0.0
0.0
0.0
0.0
0.0
0.0
0.0
0.0
0.0
0.0
0.0
0.0
0.0
0.0
0.0
0.0
0.0
0.0
0.0
0.0
0.0
0.0
0.0
0.0
0.0
0.0
0.0
0.0
0.0
0.0
0.0
0.0
0.0
0.0
0.0
0.0
0.0
0.0
0.0
0.0
0.0
0.0
0.0
0.0
0.0
0.0
0.0
0.0
0.0
0.0
0.0
0.0
0.0
0.0
0.0
0.0
0.0
0.0
0.0
0.0
0.0
0.0
0.0
0.0
0.0
0.0
0.0
0.0
0.0
0.0
0.0
0.0
0.0
0.0
0.0
0.0
0.0
0.0
0.0
0.0
0.0
0.0
0.0
0.0
0.0
0.0
0.0
0.0
0.0
0.0
0.0
0.0
0.0
0.0
0.0
0.0
0.0
0.0
0.0
0.0
0.0
0.0
0.0
0.0
0.0
0.0
0.0
0.0
0.0
0.0
0.0
0.0
0.0
0.0
0.0
0.0
0.0
0.0
0.0
0.0
0.0
0.0
0.0
0.0
0.0
0.0
0.0
0.0
0.0
0.0
0.0
0.0
0.0
0.0
0.0
0.0
0.0
0.0
0.0
0.0
0.0
0.0
0.0
0.0
0.0
0.0
0.0
0.0
0.0
0.0
0.0
0.0
0.0
0.0
0.0
0.0
0.0
0.0
0.0
0.0
0.0
0.0
0.0
0.0
0.0
0.0
0.0
0.0
0.0
0.0
0.0
0.0
0.0
0.0
0.0
0.0
0.0
0.0
0.0
0.0
0.0
0.0
0.0
0.0
0.0
0.0
0.0
0.0
0.0
0.0
0.0
0.0
0.0
0.0
0.0
0.0
0.0
0.0
0.0
0.0
0.0
0.0
0.0
0.0
0.0
0.0
0.0
0.0
0.0
0.0
0.0
0.0
0.0
0.0
0.0
0.0
0.0
0.0
0.0
0.0
0.0
0.0
0.0
0.0
0.0
0.0
0.0
0.0
0.0
0.0
0.0
0.0
0.0
0.0
0.0
0.0
0.0
0.0
0.0
0.0
0.0
0.0
0.0
0.0
0.0
0.0
0.0
0.0
0.0
0.0
0.0
0.0
0.0
0.0
0.0
0.0
0.0
0.0
0.0
0.0
0.0
0.0
0.0
0.0
0.0
0.0
0.0
0.0
0.0
0.0
0.0
0.0
0.0
0.0
0.0
0.0
0.0
0.0
0.0
0.0
0.0
0.0
0.0
0.0
0.0
0.0
0.0
0.0
0.0
0.0
0.0
0.0
0.0
0.0
0.0
0.0
0.0
0.0
0.0
0.0
0.0
0.0
0.0
0.0
0.0
0.0
0.0
0.0
0.0
0.0
0.0
0.0
0.0
0.0
0.0
0.0
0.0
0.0
0.0
0.0
0.0
0.0
0.0
0.0
0.0
0.0
0.0
0.0
0.0
0.0
0.0
0.0
0.0
0.0
0.0
0.0
0.0
0.0
0.0
0.0
0.0
0.0
0.0
0.0
0.0
0.0
0.0
0.0
0.0
0.0
0.0
0.0
0.0
0.0
0.0
0.0
0.0
0.0
0.0
0.0
0.0
0.0
0.0
0.0
0.0
0.0
0.0
0.0
0.0
0.0
0.0
0.0
0.0
0.0
0.0
0.0
0.0
0.0
0.0
0.0
0.0
0.0
0.0
0.0
0.0
0.0
0.0
0.0
0.0
0.0
0.0
0.0
0.0
0.0
0.0
0.0
0.0
0.0
0.0
0.0
0.0
0.0
0.0
0.0
0.0
0.0
0.0
0.0
0.0
0.0
0.0
0.0
0.0
0.0
0.0
0.0
0.0
0.0
0.0
0.0
0.0
0.0
0.0
0.0
0.0
0.0
0.0
0.0
0.0
0.0
0.0
0.0
0.0
0.0
0.0
0.0
0.0
0.0
0.0
0.0
0.0
0.0
0.0
0.0
0.0
0.0
0.0
0.0
0.0
0.0
0.0
0.0
0.0
0.0
0.0
0.0
0.0
0.0
0.0
0.0
0.0
0.0
0.0
0.0
0.0
0.0
0.0
0.0
0.0
0.0
0.0
0.0
0.0
0.0
0.0
0.0
0.0
0.0
0.0
0.0
0.0
0.0
0.0
0.0
0.0
0.0
0.0
0.0
0.0
0.0
0.0
0.0
0.0
0.0
0.0
0.0
0.0
0.0
0.0
0.0
0.0
0.0
0.0
0.0
0.0
0.0
0.0
0.0
0.0
0.0
0.0
0.0
0.0
0.0
0.0
0.0
0.0
0.0
0.0
0.0
0.0
0.0
0.0
0.0
0.0
0.0
0.0
0.0
0.0
0.0
0.0
0.0
0.0
0.0
0.0
0.0
0.0
0.0
0.0
0.0
0.0
0.0
0.0
0.0
0.0
0.0
0.0
0.0
0.0
0.0
0.0
0.0
0.0
0.0
0.0
0.0
0.0
0.0
0.0
0.0
0.0
0.0
0.0
0.0
0.0
0.0
0.0
0.0
0.0
0.0
0.0
0.0
0.0
0.0
0.0
0.0
0.0
0.0
0.0
0.0
0.0
0.0
0.0
0.0
0.0
0.0
0.0
0.0
0.0
0.0
0.0
0.0
0.0
0.0
0.0
0.0
0.0
0.0
0.0
0.0
0.0
0.0
0.0
0.0
0.0
0.0
0.0
0.0
0.0
0.0
0.0
0.0
0.0
0.0
0.0
0.0
0.0
0.0
0.0
0.0
0.0
0.0
0.0
0.0
0.0
0.0
0.0
0.0
0.0
0.0
0.0
0.0
0.0
0.0
0.0
0.0
0.0
0.06666666666666667
0.0
0.0
0.0
0.0
0.0
0.06666666666666667
0.0
0.0
0.0
0.0
0.0
0.0
0.0
0.06666666666666667
0.0
0.0
0.0
0.0
0.0
0.0
0.1875
0.0
0.0
0.0
0.0
0.06666666666666667
0.06666666666666667
0.1875
0.125
0.125
0.1875
0.125
0.3888888888888889
0.23529411764705882
0.06666666666666667
0.3888888888888889
0.3333333333333333
0.35294117647058826
0.3333333333333333
0.23529411764705882
0.3333333333333333
0.1875
0.3888888888888889
0.29411764705882354
0.4444444444444444
0.42105263157894735
0.29411764705882354
0.29411764705882354
0.23529411764705882
0.3333333333333333
0.55
0.3333333333333333
0.42105263157894735
0.3333333333333333
0.5
0.47368421052631576
0.47368421052631576
0.47368421052631576
0.3888888888888889
0.47368421052631576
0.35294117647058826
0.55
0.6818181818181818
0.5263157894736842
0.29411764705882354
0.4444444444444444
0.6666666666666666
0.3888888888888889
0.6818181818181818
0.42105263157894735
0.5263157894736842
0.6818181818181818
0.55
0.3333333333333333
0.42105263157894735
0.47368421052631576
0.6
0.5263157894736842
0.3333333333333333
0.23529411764705882
0.47368421052631576
0.23529411764705882
0.23529411764705882
0.47368421052631576
0.29411764705882354
0.29411764705882354
0.3888888888888889
0.3333333333333333
0.23529411764705882
0.3333333333333333
0.29411764705882354
0.23529411764705882
0.29411764705882354
0.1875
0.1875
0.29411764705882354
0.1875
0.1875
0.23529411764705882
0.0
0.125
0.1875
0.23529411764705882
0.42105263157894735
0.23529411764705882
0.125
0.23529411764705882
0.1875
0.5
0.4444444444444444
0.29411764705882354
0.125
0.125
0.4444444444444444
0.29411764705882354
0.23529411764705882
0.47368421052631576
0.29411764705882354
0.3333333333333333
0.3888888888888889
0.42105263157894735
0.3888888888888889
0.06666666666666667
0.3333333333333333
0.42105263157894735
0.3888888888888889
0.23529411764705882
0.3888888888888889
0.3888888888888889
0.29411764705882354
0.3333333333333333
0.23529411764705882
0.3888888888888889
0.3333333333333333
0.3333333333333333
0.4444444444444444
0.3333333333333333
0.3333333333333333
0.42105263157894735
0.5263157894736842
0.3333333333333333
0.23529411764705882
0.42105263157894735
0.47368421052631576
0.4444444444444444
0.3333333333333333
0.55
0.5
0.47368421052631576
0.6
0.6666666666666666
0.42105263157894735
0.6818181818181818
0.8333333333333334
0.42105263157894735
0.55
0.3333333333333333
0.47368421052631576
0.3888888888888889
0.3333333333333333
0.6
0.6190476190476191
0.6190476190476191
0.6818181818181818
0.5714285714285714
0.7272727272727273
0.782608695652174
0.7391304347826086
0.6818181818181818
0.7916666666666666
0.6818181818181818
0.42105263157894735
0.6190476190476191
0.6818181818181818
0.5
0.7391304347826086
0.7391304347826086
0.7916666666666666
0.6818181818181818
0.7391304347826086
0.7391304347826086
0.6818181818181818
0.6190476190476191
0.75
0.6818181818181818
0.7916666666666666
0.6956521739130435
0.6956521739130435
0.7916666666666666
0.7916666666666666
0.782608695652174
0.6818181818181818
0.7916666666666666
0.6363636363636364
0.7916666666666666
0.6363636363636364
0.6956521739130435
0.8333333333333334
0.7916666666666666
0.6818181818181818
0.9230769230769231
0.7391304347826086
0.6818181818181818
0.6666666666666666
0.7916666666666666
0.5
0.6818181818181818
0.7916666666666666
0.7916666666666666
0.6818181818181818
0.84
0.84
0.5714285714285714
0.84
0.84
0.84
0.84
0.9230769230769231
0.6190476190476191
0.7916666666666666
0.6818181818181818
0.7916666666666666
0.7916666666666666
0.7391304347826086
0.88
0.84
0.8333333333333334
0.84
0.88
0.782608695652174
0.6818181818181818
0.7391304347826086
0.6818181818181818
0.88
0.7391304347826086
0.782608695652174
0.7391304347826086
0.84
0.84
0.6666666666666666
0.6818181818181818
0.7391304347826086
0.6190476190476191
0.8846153846153846
0.782608695652174
0.782608695652174
0.7916666666666666
0.7916666666666666
0.7391304347826086
0.7916666666666666
0.7391304347826086
0.8846153846153846
0.84
0.8333333333333334
0.875
0.7391304347826086
0.84
0.7916666666666666
0.7391304347826086
0.6818181818181818
0.7391304347826086
0.782608695652174
0.9259259259259259
0.9230769230769231
0.8333333333333334
0.8333333333333334
0.9230769230769231
0.8333333333333334
0.7916666666666666
0.6818181818181818
0.875
0.9230769230769231
0.84
0.8333333333333334
0.7391304347826086
0.84
0.88
0.84
0.9629629629629629
0.9230769230769231
0.9230769230769231
0.9230769230769231
0.9629629629629629
0.8333333333333334
0.9230769230769231
0.9230769230769231
0.9615384615384616
0.88
0.9629629629629629
0.7916666666666666
0.9230769230769231
0.8333333333333334
0.9230769230769231
0.9629629629629629
0.92
0.88
0.8333333333333334
0.88
0.9615384615384616
0.9629629629629629
0.9230769230769231
0.9629629629629629
0.88
0.8846153846153846
0.9230769230769231
0.8333333333333334
0.9230769230769231
0.9230769230769231
0.8846153846153846
0.9230769230769231
0.9629629629629629
0.8846153846153846
0.7916666666666666
0.5714285714285714
0.88
0.88
0.9230769230769231
0.92
0.9259259259259259
0.8333333333333334
0.8846153846153846
0.6818181818181818
0.7916666666666666
0.7916666666666666
0.88
0.88
0.9629629629629629
0.7916666666666666
1.0
0.6818181818181818
0.7916666666666666
0.6818181818181818
0.9230769230769231
0.84
0.84
0.6818181818181818
0.84
0.7916666666666666
0.8846153846153846
0.88
0.9230769230769231
0.88
0.7391304347826086
0.88
0.9230769230769231
0.8333333333333334
0.84
0.84
0.9629629629629629
0.9629629629629629
0.9230769230769231
0.8333333333333334
0.9259259259259259
0.9629629629629629
0.7916666666666666
1.0
0.9230769230769231
0.8333333333333334
0.9629629629629629
0.7916666666666666
0.8333333333333334
0.9230769230769231
0.88
0.9230769230769231
0.7391304347826086
0.9230769230769231
0.84
0.9230769230769231
1.0
0.84
0.9230769230769231
0.9259259259259259
0.8333333333333334
0.84
0.9629629629629629
0.8846153846153846
0.8333333333333334
0.9230769230769231
0.8846153846153846
0.9629629629629629
0.84
0.84
0.88
0.6666666666666666
0.8333333333333334
0.88
0.9230769230769231
0.9629629629629629
0.9230769230769231
0.88
0.875
0.88
0.9230769230769231
0.782608695652174
0.8260869565217391
0.7916666666666666
0.7272727272727273
0.8333333333333334
0.9230769230769231
0.92
0.6818181818181818
0.7391304347826086
0.782608695652174
0.8333333333333334
0.7391304347826086
0.9230769230769231
0.6190476190476191
0.9230769230769231
0.782608695652174
0.8333333333333334
0.875
0.7391304347826086
0.8260869565217391
0.875
0.8260869565217391
0.875
0.6666666666666666
0.7391304347826086
0.6818181818181818
0.782608695652174
0.6818181818181818
0.7272727272727273
0.7272727272727273
0.6190476190476191
0.7272727272727273
0.7272727272727273
0.7916666666666666
0.6818181818181818
0.7391304347826086
0.6666666666666666
0.8333333333333334
0.8333333333333334
0.8333333333333334
0.8333333333333334
0.8333333333333334
0.7916666666666666
0.875
0.84
0.9615384615384616
0.9230769230769231
0.8333333333333334
0.84
0.88
0.8846153846153846
0.9629629629629629
0.9629629629629629
0.84
0.88
0.92
0.88
0.9230769230769231
0.7391304347826086
0.9230769230769231
0.9629629629629629
0.9230769230769231
0.84
0.88
0.84
0.9629629629629629
0.84
0.8846153846153846
0.8846153846153846
0.9259259259259259
0.9642857142857143
0.84
0.88
0.7916666666666666
0.8846153846153846
0.8846153846153846
0.8846153846153846
0.88
0.9642857142857143
0.7916666666666666
0.9259259259259259
0.8846153846153846
0.84
0.9230769230769231
0.8846153846153846
0.8846153846153846
0.875
0.84
0.9230769230769231
0.8333333333333334
1.0
0.9642857142857143
0.7916666666666666
0.9259259259259259
0.8846153846153846
0.88
0.9259259259259259
0.9259259259259259
0.84
0.9230769230769231
0.84
0.7391304347826086
0.7391304347826086
0.7391304347826086
0.8846153846153846
0.7916666666666666
0.8846153846153846
0.84
0.9230769230769231
0.84
0.9259259259259259
0.84
0.88
0.9642857142857143
0.9259259259259259
0.9259259259259259
0.75
0.8846153846153846
0.8846153846153846
0.88
0.9259259259259259
0.88
0.8846153846153846
0.9230769230769231
0.8846153846153846
0.88
0.7916666666666666
0.9259259259259259
0.84
0.8846153846153846
0.7391304347826086
0.84
0.88
0.8846153846153846
0.9629629629629629
0.8846153846153846
0.9230769230769231
0.7916666666666666
0.84
0.7391304347826086
0.8846153846153846
0.9230769230769231
0.84
0.7391304347826086
0.8846153846153846
0.9629629629629629
0.9259259259259259
0.7916666666666666
0.9629629629629629
0.7916666666666666
0.8846153846153846
0.84
0.8846153846153846
0.84
0.8846153846153846
0.8846153846153846
0.75
0.8846153846153846
0.7916666666666666
0.88
0.8846153846153846
0.9629629629629629
0.8846153846153846
0.84
0.9259259259259259
0.9629629629629629
0.8846153846153846
0.8846153846153846
0.9259259259259259
0.9642857142857143
0.9629629629629629
0.9230769230769231
0.8846153846153846
0.9259259259259259
0.8846153846153846
1.0
0.9259259259259259
0.9259259259259259
0.9259259259259259
0.9642857142857143
0.84
0.84
0.9230769230769231
0.7916666666666666
0.8846153846153846
1.0
0.8846153846153846
0.9230769230769231
0.88
0.7916666666666666
0.782608695652174
0.9259259259259259
0.8846153846153846
0.88
0.84
0.7391304347826086
0.9259259259259259
0.9230769230769231
0.8846153846153846
0.8846153846153846
0.9642857142857143
0.9230769230769231
0.8846153846153846
0.9642857142857143
1.0
0.9642857142857143
0.9629629629629629
0.8846153846153846
0.8846153846153846
0.88
0.8846153846153846
0.9629629629629629
0.9259259259259259
0.9230769230769231
0.8846153846153846
0.6818181818181818
0.9629629629629629
0.9629629629629629
0.9230769230769231
0.9259259259259259
0.9230769230769231
0.9629629629629629
0.9629629629629629
0.9259259259259259
0.9259259259259259
0.9642857142857143
0.8846153846153846
0.8846153846153846
0.9629629629629629
0.9259259259259259
0.9642857142857143
1.0
0.9642857142857143
0.9642857142857143
0.9230769230769231
0.9642857142857143
0.84
0.9629629629629629
0.7391304347826086
0.7916666666666666
0.84
0.8846153846153846
0.8846153846153846
0.7391304347826086
0.8846153846153846
0.8846153846153846
0.7391304347826086
0.9259259259259259
0.84
0.88
0.9259259259259259
0.9230769230769231
0.9259259259259259
0.8846153846153846
0.84
0.84
0.9259259259259259
0.9259259259259259
0.9230769230769231
0.84
0.84
0.9642857142857143
0.9642857142857143
0.9642857142857143
0.9230769230769231
0.7916666666666666
0.8846153846153846
0.9259259259259259
0.8846153846153846
0.8846153846153846
0.88
0.9629629629629629
0.9230769230769231
0.9259259259259259
0.8846153846153846
0.9259259259259259
0.9259259259259259
1.0
0.9259259259259259
0.8846153846153846
0.9259259259259259
0.8846153846153846
0.8846153846153846
0.9642857142857143
0.8846153846153846
0.9230769230769231
0.8846153846153846
0.9642857142857143
0.9259259259259259
0.8846153846153846
0.9642857142857143
0.9230769230769231
0.84
0.9642857142857143
0.9259259259259259
0.9259259259259259
0.9642857142857143
0.84
0.9259259259259259
0.9259259259259259
0.84
0.9259259259259259
0.7916666666666666
0.9259259259259259
0.9259259259259259
0.9642857142857143
0.9259259259259259
0.84
0.9642857142857143
0.9642857142857143
0.9642857142857143
0.9642857142857143
0.9642857142857143
1.0
0.84
0.88
0.8846153846153846
1.0
0.9259259259259259
0.8846153846153846
0.8333333333333334
0.8846153846153846
0.8846153846153846
0.84
0.9259259259259259
0.84
0.84
0.9230769230769231
0.8846153846153846
0.9259259259259259
0.9642857142857143
0.9259259259259259
0.9259259259259259
0.9259259259259259
0.9642857142857143
0.7391304347826086
1.0
0.8846153846153846
0.9259259259259259
0.8846153846153846
0.88
0.8846153846153846
0.8846153846153846
0.88
0.84
0.7916666666666666
0.8846153846153846
0.8846153846153846
0.6956521739130435
0.6818181818181818
0.7391304347826086
0.84
0.84
0.782608695652174
0.84
0.8846153846153846
0.7916666666666666
0.7916666666666666
0.7916666666666666
0.75
0.7916666666666666
0.7391304347826086
0.7916666666666666
0.7916666666666666
0.7916666666666666
0.7916666666666666
0.7391304347826086
0.6363636363636364
0.7916666666666666
0.9642857142857143
0.9259259259259259
0.7916666666666666
0.6818181818181818
0.6190476190476191
0.6818181818181818
0.7391304347826086
0.7916666666666666
0.8333333333333334
0.84
0.9259259259259259
0.75
0.84
0.84
0.75
0.7391304347826086
0.8846153846153846
0.7391304347826086
0.9259259259259259
0.8
0.84
0.9259259259259259
0.6956521739130435
0.8846153846153846
0.9259259259259259
0.84
0.9259259259259259
0.9259259259259259
0.7391304347826086
0.84
0.7391304347826086
0.84
0.8846153846153846
0.8846153846153846
0.8846153846153846
0.84
0.75
0.9259259259259259
0.9259259259259259
0.8846153846153846
0.9230769230769231
0.8
0.8333333333333334
0.8846153846153846
0.7916666666666666
1.0
0.8846153846153846
0.84
0.84
0.9642857142857143
0.75
0.8
0.6956521739130435
0.8846153846153846
0.84
0.7916666666666666
0.88
0.84
0.84
0.7916666666666666
0.7916666666666666
0.6818181818181818
0.8846153846153846
0.7391304347826086
0.84
0.7391304347826086
0.84
0.7916666666666666
0.8846153846153846
0.84
0.6818181818181818
0.6818181818181818
0.7272727272727273
0.5714285714285714
0.3333333333333333
0.6190476190476191
0.6190476190476191
0.5
0.5
0.5
0.5714285714285714
0.6363636363636364
0.47368421052631576
0.6363636363636364
0.6363636363636364
0.5714285714285714
0.5714285714285714
0.5
0.5714285714285714
0.42105263157894735
0.3333333333333333
0.23529411764705882
0.3333333333333333
0.125
0.23529411764705882
0.3888888888888889
0.29411764705882354
0.5
0.47368421052631576
0.3888888888888889
0.42105263157894735
0.42105263157894735
0.42105263157894735
0.5
0.6818181818181818
0.6818181818181818
0.47368421052631576
0.55
0.7391304347826086
0.5714285714285714
0.8
0.9230769230769231
0.8461538461538461
0.8
0.9259259259259259
0.84
0.8
0.8461538461538461
0.8846153846153846
0.84
0.88
0.75
0.7916666666666666
0.7391304347826086
0.9259259259259259
0.6956521739130435
0.8333333333333334
0.75
0.6818181818181818
0.5
0.6956521739130435
0.6956521739130435
0.5714285714285714
0.8
0.7916666666666666
0.8
0.8846153846153846
0.84
0.75
0.75
0.75
0.8846153846153846
0.8461538461538461
0.84
0.8461538461538461
0.8846153846153846
0.8461538461538461
0.6956521739130435
0.9259259259259259
0.8
0.6956521739130435
0.84
0.75
0.6956521739130435
0.7916666666666666
0.8846153846153846
0.75
0.8846153846153846
0.9259259259259259
0.8461538461538461
0.6956521739130435
0.8846153846153846
0.8
0.75
0.6956521739130435
0.75
0.75
0.7916666666666666
0.8
0.75
0.8888888888888888
0.75
0.75
0.8
0.8
0.6956521739130435
0.7916666666666666
0.8461538461538461
0.75
0.8888888888888888
0.8
0.8
0.8
0.9285714285714286
0.8
0.9285714285714286
0.8888888888888888
0.8
0.8461538461538461
0.9285714285714286
0.9642857142857143
0.8888888888888888
0.9285714285714286
0.8888888888888888
0.8
0.9655172413793104
0.9655172413793104
0.9285714285714286
0.8888888888888888
0.8888888888888888
0.9655172413793104
0.8888888888888888
0.9285714285714286
0.84
0.8461538461538461
0.8888888888888888
0.8461538461538461
0.8461538461538461
0.8461538461538461
0.8846153846153846
0.8846153846153846
0.9655172413793104
0.9642857142857143
0.9285714285714286
0.9285714285714286
0.9285714285714286
0.9259259259259259
0.8888888888888888
0.9655172413793104
0.9230769230769231
0.8461538461538461
0.8461538461538461
0.8888888888888888
0.9655172413793104
0.8
0.8461538461538461
1.0
0.84
0.8888888888888888
0.8888888888888888
0.9285714285714286
0.8
0.75
0.8888888888888888
0.8846153846153846
0.8461538461538461
0.8888888888888888
0.8846153846153846
0.8888888888888888
0.9655172413793104
0.9655172413793104
0.8461538461538461
1.0
0.9285714285714286
0.8461538461538461
0.84
0.9642857142857143
0.8
0.9655172413793104
0.8
0.8888888888888888
0.8461538461538461
0.8461538461538461
0.9259259259259259
0.8461538461538461
0.8888888888888888
0.9285714285714286
0.84
0.9655172413793104
0.9655172413793104
0.9655172413793104
0.8888888888888888
0.9285714285714286
0.8461538461538461
0.8461538461538461
0.9655172413793104
0.9259259259259259
0.9655172413793104
0.8888888888888888
0.75
0.42105263157894735
0.47368421052631576
0.6190476190476191
0.42105263157894735
0.7391304347826086
0.8928571428571429
0.8
0.75
0.75
0.9285714285714286
0.9285714285714286
0.8
0.9259259259259259
0.9655172413793104
0.8461538461538461
0.9285714285714286
0.8888888888888888
0.8888888888888888
0.8928571428571429
0.8888888888888888
0.8888888888888888
0.8461538461538461
1.0
0.9655172413793104
0.7083333333333334
0.8888888888888888
0.8
0.8
0.8461538461538461
0.75
0.8461538461538461
0.8
0.8846153846153846
0.8
0.6363636363636364
0.7391304347826086
0.8461538461538461
0.5
0.8
0.84
0.9655172413793104
0.7916666666666666
0.9655172413793104
0.8888888888888888
0.8461538461538461
0.8461538461538461
0.9655172413793104
0.8888888888888888
0.8
0.8461538461538461
0.9655172413793104
0.84
0.9259259259259259
0.8888888888888888
0.8888888888888888
0.8888888888888888
0.8888888888888888
0.8888888888888888
1.0
0.8461538461538461
1.0
1.0
1.0
0.8461538461538461
1.0
0.8888888888888888
1.0
0.84
0.9285714285714286
0.9655172413793104
0.8888888888888888
0.8
0.8461538461538461
0.8888888888888888
0.8461538461538461
0.8461538461538461
0.8888888888888888
0.9259259259259259
0.8888888888888888
0.9285714285714286
0.9285714285714286
0.8888888888888888
0.8
0.8888888888888888
0.8461538461538461
0.8888888888888888
0.75
0.8888888888888888
0.84
0.6956521739130435
0.8
0.9655172413793104
0.8888888888888888
0.8888888888888888
0.8888888888888888
0.9285714285714286
0.8461538461538461
0.84
0.9285714285714286
0.9259259259259259
0.75
0.8888888888888888
0.8888888888888888
0.8888888888888888
1.0
0.9655172413793104
0.9285714285714286
0.9655172413793104
0.9655172413793104
0.9655172413793104
0.6956521739130435
0.9285714285714286
0.8461538461538461
0.9285714285714286
0.8888888888888888
0.8888888888888888
0.8
0.9655172413793104
0.9655172413793104
0.8888888888888888
0.9259259259259259
0.8
0.8888888888888888
0.9285714285714286
0.9285714285714286
0.8888888888888888
0.9285714285714286
0.8888888888888888
0.8461538461538461
0.8
0.9285714285714286
0.8461538461538461
0.8
0.75
0.75
0.8461538461538461
0.8461538461538461
0.75
0.8846153846153846
0.9642857142857143
0.9642857142857143
0.9285714285714286
0.9285714285714286
0.8461538461538461
0.9285714285714286
0.8888888888888888
0.8461538461538461
0.8461538461538461
0.6956521739130435
0.8461538461538461
0.9285714285714286
0.8888888888888888
0.9629629629629629
0.8
0.8888888888888888
0.9259259259259259
0.9259259259259259
0.9285714285714286
0.9285714285714286
0.9285714285714286
0.8
0.9285714285714286
0.9655172413793104
0.8888888888888888
0.8888888888888888
0.8888888888888888
0.8888888888888888
0.8461538461538461
0.8461538461538461
0.9285714285714286
0.9655172413793104
0.9655172413793104
0.9259259259259259
0.9285714285714286
0.8846153846153846
0.9259259259259259
0.9259259259259259
0.8888888888888888
0.8888888888888888
0.8888888888888888
0.8
0.8888888888888888
1.0
0.9259259259259259
0.9655172413793104
0.8888888888888888
0.9629629629629629
0.9259259259259259
0.9259259259259259
0.9285714285714286
0.9655172413793104
1.0
1.0
1.0
1.0
0.8
0.9642857142857143
0.9285714285714286
0.9655172413793104
0.9642857142857143
0.9285714285714286
1.0
0.9285714285714286
0.9285714285714286
1.0
1.0
0.9285714285714286
1.0
0.9285714285714286
0.9655172413793104
0.9655172413793104
0.9285714285714286
0.9285714285714286
0.9285714285714286
0.8888888888888888
0.9285714285714286
0.9655172413793104
0.9655172413793104
0.8888888888888888
0.9655172413793104
0.9655172413793104
0.9285714285714286
0.9285714285714286
0.9259259259259259
0.8846153846153846
0.9285714285714286
0.9655172413793104
0.9285714285714286
0.8888888888888888
1.0
1.0
0.8461538461538461
0.9285714285714286
0.8888888888888888
0.9655172413793104
0.8461538461538461
0.9285714285714286
0.8888888888888888
0.9655172413793104
0.9285714285714286
1.0
0.8888888888888888
0.8888888888888888
0.9655172413793104
0.9285714285714286
0.9285714285714286
0.9642857142857143
0.9285714285714286
0.9259259259259259
0.9285714285714286
0.9285714285714286
0.9655172413793104
1.0
0.8461538461538461
0.9655172413793104
0.8888888888888888
0.8518518518518519
1.0
1.0
0.9285714285714286
0.9666666666666667
0.9285714285714286
1.0
0.8888888888888888
0.9655172413793104
0.9666666666666667
0.9285714285714286
0.8888888888888888
0.8888888888888888
0.9655172413793104
0.8888888888888888
0.8888888888888888
0.8888888888888888
0.9285714285714286
0.9666666666666667
0.9666666666666667
0.8461538461538461
0.8518518518518519
0.9285714285714286
0.9310344827586207
0.9285714285714286
0.7916666666666666
0.8461538461538461
0.8518518518518519
0.76
0.6521739130434783
0.55
0.7083333333333334
0.6521739130434783
0.6956521739130435
0.75
0.8461538461538461
0.9310344827586207
0.8518518518518519
0.9310344827586207
0.9310344827586207
0.8928571428571429
0.9655172413793104
0.9666666666666667
0.9666666666666667
0.9310344827586207
0.8928571428571429
0.8888888888888888
0.9666666666666667
1.0
0.8928571428571429
0.9666666666666667
1.0
0.8928571428571429
0.9310344827586207
1.0
0.9666666666666667
0.9310344827586207
1.0
0.9666666666666667
0.9666666666666667
0.8928571428571429
1.0
0.9285714285714286
1.0
1.0
0.9666666666666667
0.9310344827586207
0.9310344827586207
0.9666666666666667
0.8928571428571429
0.9310344827586207
0.9310344827586207
0.9310344827586207
0.9310344827586207
0.9666666666666667
0.9310344827586207
0.8928571428571429
0.8
0.9666666666666667
0.9655172413793104
0.9666666666666667
0.8928571428571429
0.9666666666666667
0.9666666666666667
0.8076923076923077
0.8928571428571429
0.9666666666666667
0.9666666666666667
0.8888888888888888
0.8888888888888888
0.9666666666666667
0.7083333333333334
0.8076923076923077
0.8928571428571429
0.76
0.8518518518518519
0.9310344827586207
0.76
0.8888888888888888
0.8461538461538461
0.8928571428571429
0.9666666666666667
0.8928571428571429
0.8518518518518519
0.8518518518518519
0.9666666666666667
0.9285714285714286
0.9666666666666667
0.9666666666666667
0.9642857142857143
0.9666666666666667
1.0
0.9310344827586207
0.9666666666666667
1.0
0.9666666666666667
0.8888888888888888
0.9655172413793104
0.9310344827586207
0.8461538461538461
0.8928571428571429
0.9655172413793104
0.9310344827586207
1.0
0.9666666666666667
0.8928571428571429
0.9666666666666667
0.9310344827586207
0.8518518518518519
0.9310344827586207
1.0
0.8518518518518519
0.9666666666666667
0.9666666666666667
0.9666666666666667
0.9310344827586207
0.76
0.9666666666666667
0.9666666666666667
0.9666666666666667
0.9666666666666667
0.9666666666666667
1.0
0.9666666666666667
0.8928571428571429
0.9310344827586207
0.9655172413793104
0.9666666666666667
0.9310344827586207
0.9310344827586207
0.8888888888888888
0.8518518518518519
0.9310344827586207
0.6363636363636364
0.76
0.8461538461538461
0.8928571428571429
0.8518518518518519
0.8928571428571429
0.8518518518518519
0.9310344827586207
0.9310344827586207
0.8928571428571429
0.8928571428571429
0.9655172413793104
0.8928571428571429
0.8888888888888888
0.9666666666666667
0.8928571428571429
0.9642857142857143
0.9666666666666667
1.0
0.8076923076923077
0.9310344827586207
0.76
0.8076923076923077
0.8076923076923077
0.5238095238095238
0.6521739130434783
0.6956521739130435
0.5909090909090909
0.6190476190476191
0.5714285714285714
0.8928571428571429
0.5238095238095238
0.8518518518518519
0.9285714285714286
0.9666666666666667
0.9655172413793104
0.9666666666666667
0.9310344827586207
0.8888888888888888
0.9655172413793104
0.8928571428571429
0.8461538461538461
0.9310344827586207
1.0
0.9655172413793104
0.9285714285714286
0.8518518518518519
0.9285714285714286
0.9310344827586207
0.9655172413793104
0.9655172413793104
0.9655172413793104
1.0
0.9285714285714286
0.8888888888888888
0.8518518518518519
0.8076923076923077
0.9655172413793104
0.8888888888888888
0.9285714285714286
0.9285714285714286
0.8518518518518519
0.9655172413793104
0.9655172413793104
0.8461538461538461
0.9285714285714286
0.9285714285714286
0.9655172413793104
0.9655172413793104
1.0
0.9655172413793104
0.9642857142857143
0.9285714285714286
0.8888888888888888
1.0
1.0
1.0
1.0
0.9655172413793104
0.9655172413793104
0.9310344827586207
0.8461538461538461
0.9655172413793104
0.8888888888888888
0.8888888888888888
0.8461538461538461
0.8888888888888888
0.9655172413793104
0.76
0.8928571428571429
0.8888888888888888
0.9310344827586207
0.9285714285714286
0.9310344827586207
0.6521739130434783
0.75
0.5714285714285714
0.76
0.5909090909090909
0.5714285714285714
0.3684210526315789
0.47368421052631576
0.29411764705882354
0.45
0.5
0.7916666666666666
0.8461538461538461
0.9655172413793104
0.8461538461538461
0.9655172413793104
0.9642857142857143
0.9655172413793104
1.0
0.9655172413793104
0.9285714285714286
0.9655172413793104
1.0
0.9285714285714286
0.9655172413793104
1.0
1.0
0.9666666666666667
0.9285714285714286
0.9285714285714286
0.9310344827586207
0.9655172413793104
0.9285714285714286
1.0
0.9655172413793104
0.9655172413793104
0.9285714285714286
0.9310344827586207
0.9666666666666667
0.9655172413793104
0.9655172413793104
0.9666666666666667
1.0
1.0
1.0
0.9655172413793104
0.9655172413793104
0.9285714285714286
0.9655172413793104
0.9655172413793104
0.8888888888888888
1.0
0.9285714285714286
0.9655172413793104
0.8888888888888888
0.9285714285714286
1.0
0.9285714285714286
1.0
0.9285714285714286
0.8888888888888888
1.0
1.0
0.8928571428571429
0.9310344827586207
0.9666666666666667
1.0
0.9655172413793104
1.0
0.9655172413793104
0.9285714285714286
0.9655172413793104
1.0
0.9666666666666667
0.9655172413793104
0.9655172413793104
0.9285714285714286
0.9655172413793104
0.8888888888888888
1.0
1.0
0.9310344827586207
1.0
1.0
0.8928571428571429
1.0
0.9655172413793104
0.9655172413793104
0.9655172413793104
0.9655172413793104
0.9655172413793104
1.0
0.9285714285714286
0.9655172413793104
0.9655172413793104
1.0
0.9655172413793104
1.0
1.0
0.9310344827586207
0.9655172413793104
1.0
1.0
0.9655172413793104
1.0
0.9655172413793104
0.9655172413793104
0.9666666666666667
0.9655172413793104
1.0
1.0
0.9655172413793104
0.9666666666666667
0.9655172413793104
1.0
0.8888888888888888
1.0
0.9285714285714286
0.9310344827586207
1.0
1.0
1.0
1.0
0.9310344827586207
1.0
1.0
1.0
1.0
1.0
1.0
0.9666666666666667
0.9666666666666667
0.9655172413793104
1.0
0.9655172413793104
0.9655172413793104
1.0
0.9655172413793104
0.9666666666666667
1.0
1.0
1.0
0.9655172413793104
0.9655172413793104
1.0
1.0
0.9655172413793104
1.0
1.0
0.9655172413793104
0.9285714285714286
1.0
0.9285714285714286
1.0
0.8888888888888888
0.9310344827586207
0.9666666666666667
0.8846153846153846
0.9666666666666667
0.9285714285714286
0.8928571428571429
1.0
0.9666666666666667
1.0
0.9666666666666667
1.0
1.0
1.0
1.0
0.8888888888888888
0.9310344827586207
1.0
1.0
1.0
0.9285714285714286
0.8888888888888888
1.0
0.9285714285714286
1.0
0.9655172413793104
0.9259259259259259
1.0
0.9285714285714286
0.9285714285714286
0.9285714285714286
0.9285714285714286
0.9655172413793104
0.9655172413793104
0.9285714285714286
0.9655172413793104
0.9655172413793104
0.9285714285714286
1.0
0.9655172413793104
0.8846153846153846
0.9285714285714286
1.0
1.0
0.9285714285714286
0.9285714285714286
0.9655172413793104
0.9655172413793104
0.9285714285714286
0.9285714285714286
0.9259259259259259
0.9285714285714286
0.9285714285714286
0.8461538461538461
1.0
0.9655172413793104
1.0
0.9285714285714286
0.9285714285714286
1.0
0.8888888888888888
0.9655172413793104
0.9285714285714286
0.9285714285714286
0.9655172413793104
0.9655172413793104
1.0
1.0
1.0
1.0
1.0
1.0
1.0
0.8888888888888888
0.8888888888888888
0.9285714285714286
1.0
0.9655172413793104
0.9285714285714286
0.9655172413793104
1.0
0.9655172413793104
1.0
0.9655172413793104
0.9655172413793104
0.9285714285714286
0.8888888888888888
1.0
0.9285714285714286
1.0
0.9285714285714286
1.0
1.0
0.9285714285714286
0.8888888888888888
0.9642857142857143
0.9655172413793104
1.0
0.9285714285714286
0.9655172413793104
0.9655172413793104
0.9655172413793104
1.0
0.9655172413793104
0.9642857142857143
0.9642857142857143
1.0
1.0
0.9629629629629629
0.9285714285714286
0.9642857142857143
1.0
0.9655172413793104
1.0
1.0
0.9285714285714286
0.9655172413793104
0.9655172413793104
0.9655172413793104
0.9285714285714286
0.9655172413793104
0.9655172413793104
0.9655172413793104
0.9655172413793104
0.9285714285714286
1.0
0.9655172413793104
0.9285714285714286
0.9655172413793104
0.9642857142857143
0.9655172413793104
0.9655172413793104
0.9655172413793104
1.0
1.0
0.9655172413793104
0.8888888888888888
0.9285714285714286
0.9655172413793104
0.9655172413793104
0.9259259259259259
0.8888888888888888
0.9642857142857143
1.0
0.9642857142857143
0.7916666666666666
1.0
0.9655172413793104
1.0
1.0
0.9655172413793104
1.0
0.8888888888888888
1.0
0.9655172413793104
1.0
1.0
0.9655172413793104
0.8846153846153846
0.9655172413793104
0.9285714285714286
0.9655172413793104
0.8888888888888888
1.0
0.8888888888888888
0.8888888888888888
0.9285714285714286
0.9655172413793104
0.9285714285714286
1.0
0.9655172413793104
0.9285714285714286
0.9285714285714286
1.0
0.9655172413793104
1.0
0.9655172413793104
0.9655172413793104
0.9655172413793104
0.9285714285714286
0.9285714285714286
1.0
1.0
0.8888888888888888
0.8888888888888888
0.9285714285714286
0.9285714285714286
0.8888888888888888
0.9285714285714286
0.9655172413793104
0.9285714285714286
0.9285714285714286
0.9285714285714286
1.0
0.9655172413793104
0.9655172413793104
1.0
0.9655172413793104
0.9655172413793104
1.0
0.9655172413793104
1.0
0.9285714285714286
0.9285714285714286
0.8888888888888888
0.9655172413793104
0.9655172413793104
0.9285714285714286
0.9655172413793104
1.0
1.0
0.9666666666666667
0.9285714285714286
0.8888888888888888
0.9285714285714286
1.0
0.9642857142857143
0.9666666666666667
1.0
1.0
1.0
0.9666666666666667
0.9666666666666667
0.9666666666666667
0.9655172413793104
0.9655172413793104
0.9285714285714286
1.0
1.0
0.9666666666666667
1.0
1.0
0.9655172413793104
0.9655172413793104
0.8888888888888888
0.9666666666666667
