0.0
0.0
0.0
0.0
0.0
0.0
0.0
0.0
0.0
0.0
0.0
0.0
0.0
0.0
0.0
0.0
0.0
0.0
0.0
0.0
0.0
0.0
0.0
0.0
0.0
0.0
0.0
0.0
0.0
0.0
0.0
0.0
0.0
0.0
0.0
0.0
0.0
0.0
0.0
0.0
0.0
0.0
0.0
0.0
0.0
0.0
0.0
0.0
0.0
0.0
0.0
0.0
0.0
0.0
0.0
0.0
0.0
0.0
0.0
0.0
0.0
0.0
0.0
0.0
0.0
0.0
0.0
0.0
0.0
0.0
0.0
0.0
0.0
0.0
0.0
0.0
0.0
0.0
0.0
0.0
0.0
0.0
0.0
0.0
0.0
0.0
0.0
0.0
0.0
0.0
0.0
0.0
0.0
0.0
0.0
0.0
0.0
0.0
0.0
0.0
0.0
0.0
0.0
0.0
0.0
0.0
0.0
0.0
0.0
0.0
0.0
0.0
0.0
0.0
0.0
0.0
0.0
0.0
0.0
0.0
0.0
0.0
0.0
0.0
0.0
0.0
0.0
0.0
0.0
0.0
0.0
0.0
0.0
0.0
0.0
0.0
0.0
0.0
0.0
0.0
0.0
0.0
0.0
0.0
0.0
0.0
0.0
0.0
0.0
0.0
0.0
0.0
0.0
0.0
0.0
0.0
0.0
0.0
0.0
0.0
0.0
0.0
0.0
0.0
0.0
0.0
0.0
0.0
0.0
0.0
0.0
0.0
0.0
0.0
0.0
0.0
0.0
0.0
0.0
0.0
0.0
0.0
0.0
0.0
0.0
0.0
0.0
0.0
0.0
0.0
0.0
0.0
0.0
0.0
0.0
0.0
0.0
0.0
0.0
0.0
0.0
0.0
0.0
0.0
0.06666666666666667
0.0
0.0
0.0
0.0
0.0
0.0
0.0
0.0
0.0
0.0
0.0
0.0
0.0
0.0
0.0
0.0
0.0
0.0
0.0
0.0
0.0
0.0
0.0
0.0
0.0625
0.0
0.0
0.0
0.0
0.0
0.0
0.0
0.0
0.0
0.0
0.0
0.0
0.0625
0.0
0.0
0.0
0.0
0.0625
0.0625
0.0625
0.0625
0.0
0.0625
0.0
0.125
0.06666666666666667
0.0
0.0625
0.06666666666666667
0.06666666666666667
0.0
0.0
0.06666666666666667
0.0
0.0
0.0625
0.06666666666666667
0.0
0.06666666666666667
0.125
0.0
0.0
0.0625
0.0
0.0
0.0
0.0
0.0
0.0
0.0
0.0
0.0
0.0
0.0
0.0
0.0
0.0
0.0
0.0
0.0
0.0
0.0
0.0
0.0
0.0
0.0
0.0
0.0
0.0
0.0
0.0
0.0
0.0
0.0
0.0
0.0
0.0
0.0
0.0
0.0
0.0
0.0
0.0
0.0
0.0
0.0
0.0
0.0
0.0
0.0
0.0
0.0
0.0
0.0
0.0
0.0
0.0
0.0
0.0
0.0
0.0
0.0
0.0
0.0
0.0
0.0
0.0
0.0
0.0
0.0
0.0
0.0
0.0
0.0
0.0
0.0
0.0
0.0
0.0
0.0
0.0
0.0
0.0
0.0
0.0
0.0
0.0
0.0
0.0
0.0
0.0
0.0
0.0
0.0
0.0
0.0
0.06666666666666667
0.0
0.0
0.0
0.0
0.0
0.0
0.0
0.0
0.0
0.0
0.0
0.0
0.0
0.0
0.0
0.0
0.0
0.0
0.0625
0.0
0.0
0.0
0.0
0.0
0.0
0.0625
0.125
0.23529411764705882
0.0
0.125
0.125
0.0
0.06666666666666667
0.23529411764705882
0.0
0.23529411764705882
0.3333333333333333
0.47368421052631576
0.23529411764705882
0.3333333333333333
0.5714285714285714
0.3684210526315789
0.5714285714285714
0.5
0.5714285714285714
0.5714285714285714
0.75
0.42105263157894735
0.5
0.6363636363636364
0.5714285714285714
0.5714285714285714
0.47368421052631576
0.55
0.5714285714285714
0.6956521739130435
0.55
0.6956521739130435
0.75
0.5
0.7391304347826086
0.7391304347826086
0.7391304347826086
0.47368421052631576
0.6818181818181818
0.8
0.6363636363636364
0.7391304347826086
0.7916666666666666
0.84
0.782608695652174
0.84
0.5
0.6190476190476191
0.782608695652174
0.6818181818181818
0.6
0.7916666666666666
0.7916666666666666
0.7391304347826086
0.5714285714285714
0.782608695652174
0.84
0.6818181818181818
0.6818181818181818
0.7391304347826086
0.6190476190476191
0.6818181818181818
0.6
0.3888888888888889
0.47368421052631576
0.55
0.3888888888888889
0.6190476190476191
0.3333333333333333
0.3333333333333333
0.6
0.23529411764705882
0.23529411764705882
0.29411764705882354
0.23529411764705882
0.23529411764705882
0.125
0.23529411764705882
0.1875
0.29411764705882354
0.4444444444444444
0.29411764705882354
0.3333333333333333
0.47368421052631576
0.35294117647058826
0.23529411764705882
0.3888888888888889
0.3888888888888889
0.5263157894736842
0.3888888888888889
0.55
0.4444444444444444
0.4444444444444444
0.47368421052631576
0.29411764705882354
0.6
0.47368421052631576
0.47368421052631576
0.3888888888888889
0.35294117647058826
0.6
0.65
0.47368421052631576
0.29411764705882354
0.6
0.4444444444444444
0.3888888888888889
0.5
0.5
0.5
0.3888888888888889
0.4444444444444444
0.35294117647058826
0.1875
0.1875
0.47368421052631576
0.5263157894736842
0.5
0.4444444444444444
0.4444444444444444
0.25
0.5789473684210527
0.35294117647058826
0.4444444444444444
0.4444444444444444
0.4117647058823529
0.65
0.23529411764705882
0.5263157894736842
0.4444444444444444
0.7
0.6842105263157895
0.65
0.65
0.4444444444444444
0.1875
0.4117647058823529
0.4444444444444444
0.4444444444444444
0.4444444444444444
0.65
0.5263157894736842
0.5
0.4444444444444444
0.65
0.6
0.35294117647058826
0.5
0.7
0.4444444444444444
0.631578947368421
0.4444444444444444
0.5
0.5263157894736842
0.7
0.65
0.7619047619047619
0.65
0.5263157894736842
0.8095238095238095
0.7
0.65
0.6842105263157895
0.5
0.8095238095238095
0.5789473684210527
0.5
0.4444444444444444
0.631578947368421
0.75
0.5263157894736842
0.5
0.9047619047619048
0.6842105263157895
0.7
0.7368421052631579
0.75
0.5
0.5
0.8
0.8571428571428571
0.5
0.4117647058823529
0.6842105263157895
0.6842105263157895
0.5
0.6111111111111112
0.85
0.5294117647058824
0.85
0.47058823529411764
0.5555555555555556
0.6842105263157895
0.7894736842105263
0.35294117647058826
0.5555555555555556
0.5
0.5555555555555556
0.5555555555555556
0.6842105263157895
0.6842105263157895
0.6111111111111112
0.5294117647058824
0.6842105263157895
0.631578947368421
0.5
0.4444444444444444
0.8
0.5555555555555556
0.5555555555555556
0.6842105263157895
0.7222222222222222
0.7368421052631579
0.6111111111111112
0.8
0.47058823529411764
0.75
0.631578947368421
0.85
0.6842105263157895
0.631578947368421
0.8
0.75
0.75
0.8571428571428571
0.75
0.6842105263157895
0.8
0.6111111111111112
0.6842105263157895
0.7368421052631579
0.8571428571428571
0.85
0.8571428571428571
0.7368421052631579
0.75
0.9047619047619048
0.8
0.8
0.85
0.8571428571428571
0.85
0.75
0.7
0.7368421052631579
0.8095238095238095
0.7
0.8
1.0
0.85
0.75
0.5
0.7
0.75
0.6842105263157895
0.75
0.6842105263157895
0.75
0.6842105263157895
0.7
0.6111111111111112
0.8
0.631578947368421
0.75
0.85
0.7
0.85
0.8636363636363636
0.75
0.9545454545454546
0.5789473684210527
0.6842105263157895
0.8571428571428571
0.9523809523809523
0.75
0.8571428571428571
0.8571428571428571
0.8
0.8095238095238095
0.8571428571428571
0.8095238095238095
0.7619047619047619
0.8
0.6842105263157895
0.75
0.7368421052631579
0.6842105263157895
0.7894736842105263
0.85
0.8095238095238095
0.8095238095238095
0.7619047619047619
0.9047619047619048
0.6666666666666666
0.9047619047619048
0.85
0.9047619047619048
0.5789473684210527
0.75
0.8571428571428571
0.6842105263157895
0.8
1.0
0.8571428571428571
0.7894736842105263
0.75
0.7368421052631579
0.75
0.6842105263157895
0.8
0.6842105263157895
0.85
1.0
0.85
0.85
0.8571428571428571
0.8095238095238095
0.9
0.8571428571428571
0.75
0.8947368421052632
0.7368421052631579
1.0
0.85
0.85
0.85
0.8
0.6111111111111112
0.85
0.8947368421052632
0.9523809523809523
0.8947368421052632
0.85
0.7894736842105263
0.8947368421052632
0.8
0.9
0.8421052631578947
1.0
0.8947368421052632
0.9
0.95
0.9
0.7368421052631579
0.9523809523809523
0.8947368421052632
0.95
0.95
1.0
1.0
0.8571428571428571
0.9
0.9545454545454546
0.9047619047619048
0.9047619047619048
0.9047619047619048
0.9523809523809523
0.95
0.9545454545454546
0.9047619047619048
0.9
0.9
0.95
0.9
0.9047619047619048
0.9523809523809523
0.7222222222222222
0.7368421052631579
0.9
0.8571428571428571
0.9
0.95
0.8421052631578947
0.8947368421052632
1.0
1.0
0.9473684210526315
0.95
0.8421052631578947
0.95
1.0
0.9523809523809523
0.8947368421052632
0.95
0.85
1.0
0.9473684210526315
0.9
0.8421052631578947
1.0
1.0
0.9523809523809523
0.9
0.9090909090909091
1.0
0.9047619047619048
1.0
0.9090909090909091
1.0
0.9047619047619048
0.9047619047619048
0.9090909090909091
0.8571428571428571
0.9090909090909091
0.9090909090909091
1.0
0.9565217391304348
1.0
0.8095238095238095
0.9565217391304348
0.9565217391304348
0.9130434782608695
0.9130434782608695
0.9130434782608695
0.9130434782608695
0.9130434782608695
0.8636363636363636
1.0
0.8636363636363636
0.9583333333333334
0.9130434782608695
0.9130434782608695
0.9583333333333334
0.9583333333333334
0.9583333333333334
1.0
0.9130434782608695
0.9583333333333334
0.8636363636363636
0.9583333333333334
0.9565217391304348
1.0
0.8095238095238095
0.9090909090909091
0.9565217391304348
0.9565217391304348
0.8095238095238095
0.9090909090909091
1.0
1.0
1.0
1.0
1.0
0.9090909090909091
1.0
1.0
0.9090909090909091
1.0
0.9565217391304348
1.0
0.9545454545454546
0.9565217391304348
0.9130434782608695
1.0
1.0
1.0
1.0
0.9565217391304348
0.8636363636363636
0.9565217391304348
0.9090909090909091
0.9090909090909091
0.9090909090909091
0.9130434782608695
0.8181818181818182
1.0
0.9090909090909091
0.9090909090909091
0.8636363636363636
0.65
0.8636363636363636
0.9130434782608695
0.7619047619047619
0.7619047619047619
0.9130434782608695
0.65
0.8095238095238095
0.8571428571428571
0.8095238095238095
0.9090909090909091
0.9090909090909091
0.8095238095238095
0.7
0.8571428571428571
0.9090909090909091
0.8095238095238095
1.0
0.75
0.9047619047619048
0.8571428571428571
0.7
0.9545454545454546
0.8571428571428571
0.75
0.6842105263157895
0.9523809523809523
0.7894736842105263
0.75
0.8
0.8
0.9047619047619048
0.8
0.8
0.9523809523809523
0.85
0.85
0.6842105263157895
0.85
1.0
1.0
0.8
0.7894736842105263
0.9523809523809523
0.8
0.85
0.9047619047619048
0.9047619047619048
0.9523809523809523
1.0
0.9545454545454546
0.9545454545454546
0.9545454545454546
0.9565217391304348
0.9565217391304348
0.9545454545454546
0.9090909090909091
0.9565217391304348
0.9565217391304348
0.9565217391304348
1.0
1.0
1.0
1.0
1.0
1.0
1.0
1.0
1.0
0.9166666666666666
1.0
0.9583333333333334
1.0
1.0
1.0
1.0
1.0
1.0
1.0
1.0
1.0
1.0
1.0
1.0
1.0
1.0
1.0
1.0
0.9166666666666666
1.0
0.9615384615384616
1.0
1.0
1.0
0.9615384615384616
1.0
1.0
0.9615384615384616
1.0
1.0
1.0
1.0
1.0
0.96
1.0
0.9166666666666666
1.0
1.0
0.96
1.0
1.0
1.0
1.0
1.0
1.0
1.0
1.0
1.0
1.0
1.0
1.0
1.0
0.9583333333333334
0.9583333333333334
1.0
1.0
1.0
1.0
0.9565217391304348
1.0
0.9130434782608695
0.9090909090909091
0.9523809523809523
0.95
0.8421052631578947
0.7777777777777778
0.7894736842105263
0.9
0.6666666666666666
0.8421052631578947
0.8947368421052632
1.0
0.8421052631578947
0.8421052631578947
0.95
0.95
1.0
0.9523809523809523
0.8571428571428571
1.0
0.9565217391304348
1.0
1.0
0.9583333333333334
1.0
1.0
1.0
1.0
1.0
1.0
1.0
1.0
1.0
1.0
1.0
1.0
1.0
1.0
1.0
1.0
1.0
1.0
1.0
1.0
1.0
1.0
1.0
1.0
1.0
1.0
1.0
1.0
1.0
1.0
0.9615384615384616
1.0
1.0
1.0
1.0
1.0
1.0
1.0
1.0
0.9615384615384616
1.0
1.0
1.0
1.0
1.0
1.0
1.0
1.0
1.0
1.0
1.0
1.0
1.0
1.0
1.0
1.0
1.0
1.0
1.0
1.0
1.0
1.0
1.0
1.0
1.0
1.0
1.0
1.0
1.0
1.0
1.0
1.0
1.0
1.0
1.0
1.0
1.0
1.0
1.0
1.0
1.0
1.0
1.0
1.0
1.0
1.0
1.0
1.0
1.0
1.0
1.0
1.0
1.0
1.0
1.0
1.0
1.0
1.0
1.0
1.0
1.0
1.0
1.0
1.0
1.0
1.0
1.0
1.0
1.0
1.0
1.0
1.0
1.0
1.0
1.0
1.0
1.0
1.0
1.0
1.0
0.9615384615384616
1.0
1.0
1.0
1.0
1.0
1.0
1.0
1.0
1.0
1.0
1.0
1.0
1.0
1.0
1.0
1.0
1.0
1.0
1.0
1.0
1.0
1.0
1.0
1.0
1.0
1.0
1.0
1.0
1.0
1.0
1.0
1.0
1.0
1.0
1.0
1.0
1.0
1.0
1.0
1.0
1.0
1.0
1.0
1.0
1.0
1.0
1.0
1.0
1.0
1.0
0.9615384615384616
1.0
1.0
1.0
1.0
1.0
1.0
1.0
1.0
1.0
1.0
1.0
1.0
1.0
1.0
1.0
1.0
1.0
1.0
0.96
1.0
1.0
1.0
1.0
1.0
1.0
1.0
1.0
1.0
1.0
1.0
1.0
1.0
1.0
1.0
1.0
1.0
1.0
1.0
1.0
1.0
1.0
1.0
1.0
1.0
1.0
1.0
1.0
1.0
1.0
1.0
1.0
1.0
1.0
0.9629629629629629
1.0
1.0
1.0
1.0
1.0
1.0
1.0
1.0
1.0
1.0
1.0
1.0
1.0
1.0
1.0
1.0
1.0
1.0
1.0
1.0
1.0
1.0
1.0
1.0
1.0
1.0
1.0
1.0
1.0
1.0
1.0
1.0
1.0
1.0
1.0
1.0
1.0
1.0
1.0
1.0
1.0
1.0
1.0
1.0
1.0
1.0
1.0
1.0
1.0
1.0
1.0
0.9615384615384616
1.0
1.0
1.0
1.0
1.0
1.0
1.0
1.0
1.0
1.0
1.0
1.0
1.0
1.0
1.0
1.0
1.0
1.0
1.0
1.0
1.0
1.0
1.0
1.0
1.0
1.0
1.0
1.0
1.0
1.0
1.0
1.0
1.0
1.0
1.0
1.0
1.0
1.0
1.0
1.0
1.0
1.0
1.0
1.0
1.0
1.0
1.0
1.0
1.0
1.0
1.0
1.0
1.0
1.0
1.0
1.0
1.0
1.0
1.0
1.0
1.0
1.0
1.0
1.0
1.0
0.9583333333333334
1.0
1.0
1.0
1.0
1.0
1.0
1.0
1.0
1.0
1.0
1.0
1.0
1.0
0.9583333333333334
1.0
1.0
1.0
1.0
1.0
1.0
1.0
1.0
1.0
1.0
1.0
1.0
1.0
1.0
1.0
1.0
1.0
1.0
1.0
1.0
1.0
1.0
1.0
1.0
1.0
1.0
1.0
1.0
1.0
1.0
1.0
1.0
1.0
1.0
1.0
1.0
1.0
1.0
1.0
1.0
1.0
1.0
1.0
1.0
1.0
1.0
1.0
0.96
1.0
1.0
1.0
1.0
1.0
1.0
1.0
1.0
1.0
1.0
1.0
1.0
1.0
1.0
1.0
1.0
1.0
1.0
1.0
1.0
1.0
1.0
1.0
1.0
1.0
1.0
1.0
1.0
1.0
1.0
1.0
1.0
1.0
1.0
1.0
1.0
1.0
1.0
1.0
1.0
1.0
1.0
1.0
1.0
1.0
1.0
1.0
1.0
1.0
1.0
1.0
1.0
1.0
1.0
1.0
1.0
1.0
1.0
1.0
1.0
1.0
1.0
1.0
1.0
1.0
1.0
1.0
1.0
1.0
1.0
1.0
1.0
1.0
1.0
1.0
1.0
1.0
1.0
1.0
1.0
1.0
1.0
1.0
1.0
1.0
1.0
1.0
1.0
1.0
1.0
1.0
1.0
1.0
1.0
1.0
1.0
1.0
1.0
1.0
1.0
1.0
1.0
1.0
1.0
1.0
1.0
1.0
1.0
1.0
1.0
1.0
1.0
1.0
1.0
1.0
1.0
1.0
1.0
1.0
1.0
1.0
1.0
1.0
1.0
1.0
1.0
1.0
1.0
1.0
1.0
1.0
1.0
1.0
1.0
1.0
1.0
1.0
1.0
1.0
1.0
1.0
1.0
1.0
1.0
1.0
1.0
1.0
1.0
1.0
1.0
1.0
1.0
1.0
1.0
1.0
1.0
1.0
1.0
1.0
1.0
1.0
1.0
1.0
1.0
1.0
1.0
1.0
1.0
1.0
1.0
1.0
1.0
1.0
1.0
1.0
1.0
1.0
1.0
1.0
1.0
1.0
1.0
1.0
1.0
1.0
1.0
1.0
1.0
1.0
1.0
1.0
1.0
1.0
1.0
1.0
1.0
1.0
1.0
1.0
1.0
1.0
1.0
1.0
1.0
1.0
1.0
1.0
0.96
1.0
1.0
1.0
1.0
1.0
1.0
1.0
1.0
1.0
1.0
1.0
1.0
1.0
1.0
1.0
1.0
1.0
1.0
1.0
1.0
1.0
1.0
1.0
1.0
1.0
1.0
1.0
1.0
1.0
1.0
1.0
1.0
1.0
1.0
1.0
1.0
1.0
1.0
1.0
1.0
1.0
1.0
1.0
1.0
1.0
1.0
1.0
1.0
1.0
1.0
1.0
1.0
1.0
1.0
1.0
1.0
1.0
1.0
1.0
1.0
1.0
1.0
1.0
1.0
1.0
1.0
1.0
1.0
1.0
1.0
1.0
1.0
1.0
1.0
1.0
1.0
1.0
1.0
1.0
1.0
1.0
1.0
1.0
1.0
1.0
1.0
1.0
1.0
1.0
1.0
1.0
1.0
1.0
1.0
1.0
1.0
1.0
1.0
1.0
1.0
1.0
1.0
1.0
1.0
1.0
1.0
1.0
1.0
1.0
1.0
1.0
1.0
1.0
1.0
1.0
1.0
1.0
1.0
1.0
1.0
1.0
1.0
1.0
1.0
1.0
1.0
1.0
1.0
1.0
1.0
1.0
1.0
1.0
1.0
1.0
1.0
1.0
1.0
1.0
1.0
1.0
1.0
1.0
1.0
1.0
1.0
1.0
1.0
1.0
1.0
1.0
1.0
1.0
1.0
1.0
1.0
1.0
1.0
1.0
1.0
1.0
1.0
1.0
1.0
1.0
1.0
1.0
1.0
1.0
1.0
1.0
1.0
1.0
1.0
1.0
1.0
1.0
1.0
1.0
1.0
1.0
1.0
1.0
1.0
1.0
1.0
1.0
1.0
1.0
1.0
1.0
1.0
1.0
1.0
1.0
1.0
1.0
1.0
1.0
1.0
1.0
1.0
1.0
1.0
1.0
1.0
1.0
1.0
1.0
1.0
1.0
1.0
1.0
1.0
1.0
1.0
1.0
1.0
1.0
1.0
1.0
1.0
1.0
1.0
1.0
1.0
1.0
1.0
1.0
1.0
1.0
1.0
1.0
1.0
1.0
1.0
1.0
1.0
1.0
1.0
1.0
1.0
1.0
1.0
1.0
1.0
1.0
1.0
1.0
1.0
1.0
1.0
1.0
1.0
1.0
1.0
1.0
1.0
1.0
1.0
1.0
1.0
1.0
1.0
1.0
1.0
1.0
1.0
1.0
1.0
1.0
1.0
1.0
1.0
1.0
1.0
1.0
1.0
1.0
1.0
1.0
1.0
1.0
1.0
1.0
1.0
1.0
1.0
1.0
1.0
1.0
1.0
1.0
1.0
1.0
1.0
1.0
1.0
1.0
1.0
1.0
1.0
1.0
1.0
1.0
1.0
1.0
1.0
1.0
1.0
1.0
1.0
1.0
1.0
1.0
1.0
1.0
1.0
1.0
1.0
1.0
1.0
1.0
1.0
1.0
1.0
1.0
1.0
1.0
1.0
1.0
1.0
1.0
1.0
1.0
1.0
1.0
1.0
1.0
1.0
1.0
1.0
1.0
1.0
1.0
1.0
1.0
1.0
1.0
1.0
1.0
1.0
1.0
1.0
1.0
1.0
1.0
1.0
1.0
1.0
1.0
1.0
1.0
1.0
1.0
1.0
1.0
1.0
1.0
1.0
1.0
1.0
1.0
1.0
1.0
1.0
1.0
1.0
1.0
1.0
1.0
1.0
1.0
1.0
1.0
1.0
1.0
1.0
1.0
1.0
1.0
1.0
1.0
1.0
1.0
1.0
1.0
1.0
1.0
1.0
1.0
1.0
1.0
1.0
1.0
1.0
1.0
1.0
1.0
1.0
1.0
1.0
1.0
1.0
1.0
1.0
1.0
1.0
1.0
1.0
1.0
1.0
1.0
1.0
1.0
1.0
1.0
1.0
1.0
1.0
1.0
1.0
1.0
1.0
1.0
1.0
1.0
1.0
1.0
1.0
1.0
1.0
1.0
1.0
1.0
1.0
1.0
1.0
1.0
1.0
1.0
1.0
1.0
1.0
1.0
1.0
1.0
1.0
1.0
1.0
1.0
1.0
1.0
1.0
1.0
1.0
1.0
1.0
1.0
1.0
1.0
1.0
1.0
1.0
1.0
1.0
1.0
1.0
1.0
1.0
1.0
1.0
1.0
1.0
1.0
1.0
1.0
1.0
1.0
1.0
1.0
1.0
1.0
1.0
1.0
1.0
1.0
1.0
1.0
1.0
1.0
1.0
1.0
1.0
1.0
1.0
1.0
1.0
1.0
1.0
1.0
1.0
1.0
1.0
1.0
1.0
1.0
1.0
1.0
1.0
1.0
1.0
1.0
1.0
1.0
1.0
1.0
1.0
1.0
1.0
1.0
1.0
1.0
1.0
1.0
1.0
1.0
1.0
1.0
1.0
1.0
1.0
1.0
1.0
1.0
1.0
1.0
1.0
1.0
1.0
1.0
1.0
1.0
1.0
1.0
1.0
1.0
1.0
1.0
1.0
1.0
1.0
1.0
1.0
1.0
1.0
1.0
1.0
1.0
1.0
1.0
1.0
1.0
1.0
1.0
1.0
1.0
1.0
1.0
1.0
1.0
1.0
1.0
1.0
1.0
1.0
1.0
1.0
1.0
1.0
1.0
1.0
1.0
1.0
1.0
1.0
1.0
1.0
1.0
1.0
1.0
1.0
1.0
1.0
1.0
1.0
1.0
1.0
1.0
1.0
1.0
1.0
1.0
1.0
1.0
1.0
1.0
1.0
1.0
1.0
1.0
1.0
1.0
1.0
1.0
1.0
1.0
1.0
1.0
1.0
1.0
1.0
1.0
1.0
1.0
1.0
1.0
1.0
1.0
1.0
1.0
1.0
1.0
1.0
1.0
1.0
1.0
1.0
1.0
1.0
1.0
1.0
1.0
1.0
1.0
1.0
1.0
1.0
1.0
1.0
1.0
1.0
1.0
1.0
1.0
1.0
1.0
1.0
1.0
1.0
1.0
1.0
1.0
1.0
1.0
1.0
1.0
1.0
1.0
1.0
1.0
1.0
1.0
1.0
1.0
1.0
1.0
1.0
1.0
1.0
1.0
1.0
1.0
1.0
1.0
1.0
1.0
1.0
1.0
1.0
1.0
1.0
1.0
1.0
1.0
1.0
1.0
1.0
1.0
1.0
1.0
1.0
1.0
1.0
1.0
1.0
1.0
1.0
1.0
1.0
1.0
1.0
1.0
1.0
1.0
1.0
1.0
1.0
1.0
1.0
1.0
1.0
1.0
1.0
1.0
1.0
1.0
1.0
1.0
1.0
1.0
1.0
1.0
1.0
1.0
1.0
1.0
1.0
1.0
1.0
1.0
1.0
1.0
1.0
1.0
1.0
1.0
1.0
1.0
1.0
1.0
1.0
1.0
1.0
1.0
1.0
1.0
1.0
1.0
1.0
1.0
1.0
1.0
1.0
1.0
1.0
1.0
1.0
1.0
1.0
1.0
1.0
1.0
1.0
1.0
1.0
1.0
1.0
1.0
1.0
1.0
1.0
1.0
1.0
1.0
1.0
1.0
1.0
1.0
1.0
1.0
1.0
1.0
1.0
1.0
1.0
1.0
1.0
1.0
1.0
1.0
1.0
1.0
1.0
1.0
1.0
1.0
1.0
1.0
1.0
1.0
1.0
1.0
1.0
1.0
1.0
1.0
1.0
1.0
1.0
1.0
1.0
1.0
1.0
1.0
1.0
1.0
1.0
1.0
1.0
1.0
1.0
1.0
1.0
1.0
1.0
1.0
1.0
1.0
1.0
1.0
1.0
1.0
1.0
1.0
1.0
1.0
1.0
1.0
1.0
1.0
1.0
1.0
1.0
1.0
1.0
1.0
1.0
1.0
1.0
1.0
1.0
1.0
1.0
1.0
1.0
1.0
1.0
1.0
1.0
1.0
1.0
1.0
1.0
1.0
1.0
1.0
1.0
1.0
1.0
1.0
1.0
1.0
1.0
1.0
1.0
1.0
1.0
1.0
1.0
1.0
1.0
1.0
1.0
1.0
1.0
1.0
1.0
1.0
1.0
1.0
1.0
1.0
1.0
1.0
1.0
1.0
1.0
1.0
1.0
1.0
1.0
1.0
0.9615384615384616
1.0
1.0
1.0
1.0
1.0
1.0
1.0
1.0
1.0
1.0
1.0
1.0
1.0
1.0
1.0
1.0
1.0
0.9615384615384616
1.0
1.0
1.0
1.0
1.0
1.0
1.0
1.0
1.0
1.0
1.0
1.0
1.0
1.0
1.0
1.0
1.0
1.0
1.0
1.0
1.0
1.0
0.9615384615384616
1.0
0.9629629629629629
1.0
1.0
1.0
0.9615384615384616
1.0
1.0
1.0
1.0
1.0
1.0
1.0
0.9615384615384616
1.0
1.0
1.0
1.0
1.0
1.0
1.0
1.0
1.0
1.0
1.0
1.0
1.0
1.0
1.0
1.0
1.0
1.0
1.0
1.0
1.0
1.0
1.0
1.0
1.0
1.0
1.0
1.0
1.0
1.0
1.0
1.0
1.0
1.0
1.0
