0.0
0.0
0.0
0.0
0.0
0.0
0.0
0.0
0.0
0.0
0.0
0.0
0.0
0.0
0.0
0.0
0.0
0.0
0.0
0.0
0.0
0.0
0.0
0.0
0.0
0.0
0.0
0.0
0.0
0.0
0.0
0.0
0.0
0.0
0.0
0.0
0.0
0.0
0.0
0.0
0.0
0.0
0.0
0.0
0.0
0.0
0.0
0.0
0.0
0.0
0.0
0.0
0.0
0.0
0.0
0.0
0.0
0.0
0.0
0.0
0.0
0.0
0.0
0.0
0.0
0.0
0.0
0.0
0.0
0.0
0.0
0.0
0.0
0.0
0.0
0.0
0.0
0.0
0.0
0.0
0.0
0.0
0.0
0.0
0.0
0.0
0.0
0.0
0.0
0.0
0.0
0.0
0.0
0.0
0.0
0.0
0.0
0.0
0.0
0.0
0.0
0.0
0.0
0.0
0.0
0.0
0.0
0.0
0.0
0.0
0.0
0.0
0.0
0.0
0.0
0.0
0.0
0.0
0.0
0.0
0.0
0.0
0.0
0.0
0.0
0.0
0.0
0.0
0.0
0.0
0.0
0.0
0.0
0.0
0.0
0.0
0.0
0.0
0.0
0.0
0.0
0.0
0.0
0.0
0.0
0.0
0.0
0.0
0.0
0.0
0.0
0.0
0.0
0.0
0.0
0.0
0.0
0.0
0.0
0.0
0.0
0.0
0.0
0.0
0.0
0.0
0.0
0.0
0.0
0.0
0.0
0.0
0.0
0.0
0.0
0.0
0.0
0.0
0.0
0.0
0.0
0.0
0.0
0.0
0.0
0.0
0.0
0.0
0.0
0.0
0.0
0.0
0.0
0.0
0.0
0.0
0.0
0.0
0.0
0.0
0.0
0.0
0.0
0.0
0.0
0.0
0.0
0.0
0.0
0.0625
0.0
0.125
0.125
0.0625
0.0
0.06666666666666667
0.125
0.29411764705882354
0.125
0.23529411764705882
0.2222222222222222
0.0625
0.17647058823529413
0.2777777777777778
0.17647058823529413
0.23529411764705882
0.125
0.125
0.11764705882352941
0.125
0.42105263157894735
0.125
0.3888888888888889
0.3888888888888889
0.23529411764705882
0.1875
0.1875
0.125
0.3888888888888889
0.125
0.42105263157894735
0.23529411764705882
0.42105263157894735
0.3333333333333333
0.5
0.1875
0.3333333333333333
0.3333333333333333
0.5
0.42105263157894735
0.3333333333333333
0.1875
0.29411764705882354
0.3333333333333333
0.0625
0.1875
0.23529411764705882
0.3333333333333333
0.23529411764705882
0.29411764705882354
0.23529411764705882
0.0
0.29411764705882354
0.3888888888888889
0.1875
0.125
0.23529411764705882
0.23529411764705882
0.06666666666666667
0.1875
0.125
0.47368421052631576
0.23529411764705882
0.47368421052631576
0.125
0.5263157894736842
0.3888888888888889
0.4444444444444444
0.4444444444444444
0.3888888888888889
0.65
0.7
0.631578947368421
0.631578947368421
0.5555555555555556
0.5
0.5555555555555556
0.7894736842105263
0.7368421052631579
0.9
0.85
0.8333333333333334
0.8421052631578947
0.7222222222222222
0.6666666666666666
0.6111111111111112
0.7222222222222222
0.6470588235294118
0.375
0.5882352941176471
0.5294117647058824
0.6111111111111112
0.3125
0.5882352941176471
0.5
0.6470588235294118
0.6470588235294118
0.8333333333333334
0.5625
0.7777777777777778
0.6111111111111112
0.7058823529411765
0.8235294117647058
0.7222222222222222
0.8333333333333334
0.8333333333333334
0.7777777777777778
0.6666666666666666
0.6666666666666666
0.5882352941176471
0.375
0.6666666666666666
0.6111111111111112
0.47058823529411764
0.5294117647058824
0.47058823529411764
0.47058823529411764
0.6666666666666666
0.7894736842105263
0.3125
0.47058823529411764
0.6666666666666666
0.4117647058823529
0.47058823529411764
0.13333333333333333
0.4117647058823529
0.4117647058823529
0.3125
0.3125
0.47058823529411764
0.47058823529411764
0.35294117647058826
0.375
0.4117647058823529
0.47058823529411764
0.47058823529411764
0.5882352941176471
0.4117647058823529
0.6111111111111112
0.5294117647058824
0.4117647058823529
0.6666666666666666
0.7368421052631579
0.631578947368421
0.5294117647058824
0.6111111111111112
0.6111111111111112
0.6111111111111112
0.6666666666666666
0.6111111111111112
0.5294117647058824
0.5294117647058824
0.47058823529411764
0.5294117647058824
0.47058823529411764
0.6111111111111112
0.6666666666666666
0.6666666666666666
0.7894736842105263
0.6111111111111112
0.5555555555555556
0.47058823529411764
0.7222222222222222
0.6111111111111112
0.4117647058823529
0.4117647058823529
0.6666666666666666
0.3125
0.5882352941176471
0.47058823529411764
0.5294117647058824
0.6470588235294118
0.7222222222222222
0.3125
0.5294117647058824
0.8333333333333334
0.7222222222222222
0.5
0.7894736842105263
0.5882352941176471
0.6666666666666666
0.5294117647058824
0.6666666666666666
0.5882352941176471
0.5882352941176471
0.8888888888888888
0.9473684210526315
0.7894736842105263
0.8333333333333334
0.7777777777777778
0.8888888888888888
0.8947368421052632
0.8947368421052632
0.8333333333333334
0.8947368421052632
0.7777777777777778
0.7777777777777778
0.7777777777777778
0.9473684210526315
0.7222222222222222
0.8421052631578947
0.8421052631578947
0.95
0.7222222222222222
0.95
0.95
0.6666666666666666
1.0
0.8947368421052632
0.9
0.9
1.0
0.95
1.0
0.95
1.0
1.0
1.0
0.9523809523809523
1.0
1.0
1.0
1.0
1.0
1.0
1.0
1.0
1.0
0.9523809523809523
1.0
1.0
1.0
1.0
1.0
1.0
1.0
1.0
0.9523809523809523
1.0
1.0
1.0
1.0
1.0
1.0
1.0
1.0
1.0
1.0
0.9523809523809523
1.0
0.9523809523809523
0.9523809523809523
0.9523809523809523
0.9523809523809523
0.9523809523809523
1.0
0.9523809523809523
0.9523809523809523
0.9523809523809523
1.0
0.9
0.9523809523809523
0.9523809523809523
0.9047619047619048
0.9523809523809523
0.9523809523809523
1.0
0.85
0.8947368421052632
0.85
0.95
0.8947368421052632
0.7894736842105263
0.95
0.7777777777777778
0.9473684210526315
0.8333333333333334
0.8333333333333334
0.9473684210526315
0.7777777777777778
0.8421052631578947
0.8421052631578947
0.8947368421052632
0.8421052631578947
0.95
0.8947368421052632
0.8888888888888888
0.9473684210526315
0.8947368421052632
0.8947368421052632
0.7777777777777778
1.0
0.8947368421052632
0.8421052631578947
0.95
0.7222222222222222
0.8947368421052632
1.0
0.8947368421052632
0.8421052631578947
0.95
0.8333333333333334
0.7894736842105263
1.0
1.0
0.95
0.8947368421052632
0.9
1.0
0.9
0.9
0.9
0.95
0.9523809523809523
0.9523809523809523
0.9523809523809523
0.9523809523809523
1.0
1.0
0.9047619047619048
0.9545454545454546
0.9047619047619048
1.0
1.0
1.0
1.0
0.9130434782608695
0.9130434782608695
1.0
1.0
0.9130434782608695
0.9583333333333334
0.96
0.9583333333333334
0.7727272727272727
0.875
0.9166666666666666
1.0
1.0
0.8260869565217391
0.96
0.92
0.8695652173913043
0.9166666666666666
0.96
1.0
0.9166666666666666
0.8695652173913043
1.0
0.8181818181818182
0.9565217391304348
0.9130434782608695
0.875
0.9166666666666666
0.92
0.9166666666666666
0.96
0.9583333333333334
0.8260869565217391
0.8695652173913043
0.9130434782608695
0.9130434782608695
0.7619047619047619
0.8636363636363636
0.9090909090909091
0.9565217391304348
0.8571428571428571
0.8571428571428571
0.9545454545454546
0.8
0.75
0.9047619047619048
0.8571428571428571
1.0
0.9523809523809523
0.7
0.8
0.9047619047619048
0.95
0.8
0.9
0.8
0.75
0.75
0.9523809523809523
0.9047619047619048
0.9523809523809523
0.9545454545454546
0.9545454545454546
0.8571428571428571
0.9545454545454546
1.0
0.85
0.9545454545454546
0.9523809523809523
0.9047619047619048
1.0
0.9545454545454546
0.8571428571428571
1.0
1.0
0.8636363636363636
0.9565217391304348
1.0
0.9565217391304348
0.8695652173913043
1.0
1.0
0.9166666666666666
0.9166666666666666
0.9583333333333334
0.9583333333333334
1.0
0.96
0.8695652173913043
1.0
0.8260869565217391
0.9166666666666666
0.9583333333333334
0.8695652173913043
0.9583333333333334
0.9166666666666666
1.0
0.9583333333333334
0.9166666666666666
0.96
1.0
1.0
0.8695652173913043
0.9583333333333334
0.9166666666666666
0.96
0.96
0.96
0.9583333333333334
1.0
0.8695652173913043
0.9130434782608695
0.9166666666666666
1.0
0.9130434782608695
1.0
1.0
0.9583333333333334
0.9565217391304348
0.9565217391304348
0.9565217391304348
0.9565217391304348
0.9130434782608695
0.9130434782608695
1.0
0.8636363636363636
0.9565217391304348
0.9090909090909091
1.0
0.9565217391304348
0.9090909090909091
1.0
0.9545454545454546
1.0
1.0
1.0
0.9565217391304348
1.0
1.0
0.9565217391304348
1.0
0.9565217391304348
0.9565217391304348
1.0
0.8095238095238095
1.0
1.0
1.0
0.9565217391304348
1.0
0.9583333333333334
0.9583333333333334
0.9565217391304348
0.9583333333333334
0.9583333333333334
1.0
1.0
1.0
0.9583333333333334
1.0
0.9583333333333334
0.96
1.0
0.96
0.92
1.0
0.96
1.0
0.96
1.0
0.9166666666666666
1.0
1.0
1.0
1.0
1.0
0.96
1.0
1.0
0.9166666666666666
0.96
1.0
0.9166666666666666
1.0
1.0
1.0
0.9166666666666666
1.0
0.9583333333333334
1.0
1.0
0.9583333333333334
0.9583333333333334
1.0
1.0
0.9130434782608695
1.0
1.0
0.9565217391304348
1.0
1.0
0.9130434782608695
1.0
1.0
1.0
1.0
1.0
1.0
1.0
1.0
1.0
1.0
1.0
1.0
0.9583333333333334
1.0
0.9583333333333334
1.0
1.0
1.0
1.0
1.0
0.9230769230769231
0.92
0.9230769230769231
1.0
0.9629629629629629
1.0
1.0
1.0
0.8888888888888888
1.0
0.8888888888888888
0.8846153846153846
1.0
1.0
1.0
0.9642857142857143
1.0
0.9642857142857143
0.9642857142857143
1.0
1.0
0.9629629629629629
1.0
0.9230769230769231
0.9230769230769231
1.0
1.0
1.0
1.0
1.0
1.0
1.0
1.0
0.96
1.0
1.0
1.0
1.0
1.0
1.0
1.0
1.0
1.0
0.9583333333333334
1.0
1.0
1.0
1.0
1.0
1.0
0.9583333333333334
0.96
0.9583333333333334
1.0
0.9130434782608695
1.0
0.8695652173913043
1.0
0.9583333333333334
1.0
1.0
0.9583333333333334
1.0
0.96
0.9583333333333334
0.8695652173913043
1.0
1.0
1.0
0.9166666666666666
0.96
0.96
0.9130434782608695
0.9565217391304348
0.8695652173913043
0.9583333333333334
0.9130434782608695
0.9166666666666666
0.9583333333333334
0.8636363636363636
0.9583333333333334
0.9583333333333334
0.9130434782608695
0.8095238095238095
0.9090909090909091
0.8636363636363636
0.9130434782608695
0.8181818181818182
0.9090909090909091
0.9130434782608695
0.8636363636363636
0.9565217391304348
0.9565217391304348
0.9583333333333334
0.9565217391304348
0.9090909090909091
1.0
1.0
0.9565217391304348
0.9090909090909091
0.9090909090909091
0.9545454545454546
0.8636363636363636
0.9583333333333334
1.0
0.9090909090909091
0.9565217391304348
1.0
0.9583333333333334
0.9130434782608695
0.9565217391304348
0.9565217391304348
0.9583333333333334
1.0
0.9565217391304348
1.0
0.9583333333333334
0.9130434782608695
0.9565217391304348
1.0
1.0
0.9583333333333334
1.0
0.9565217391304348
1.0
1.0
1.0
1.0
0.9583333333333334
1.0
0.9583333333333334
1.0
1.0
1.0
1.0
1.0
1.0
0.96
0.96
1.0
1.0
1.0
1.0
0.9615384615384616
0.9615384615384616
1.0
1.0
1.0
1.0
1.0
1.0
1.0
1.0
1.0
1.0
1.0
1.0
1.0
1.0
1.0
1.0
1.0
1.0
1.0
1.0
1.0
1.0
1.0
1.0
1.0
1.0
1.0
1.0
1.0
1.0
1.0
1.0
1.0
1.0
1.0
1.0
1.0
1.0
1.0
1.0
1.0
1.0
1.0
1.0
1.0
1.0
1.0
1.0
1.0
1.0
1.0
1.0
1.0
1.0
1.0
1.0
1.0
1.0
1.0
1.0
1.0
1.0
1.0
1.0
1.0
1.0
1.0
1.0
1.0
1.0
1.0
1.0
1.0
1.0
1.0
1.0
1.0
1.0
1.0
1.0
1.0
1.0
1.0
1.0
1.0
1.0
1.0
1.0
1.0
1.0
1.0
1.0
1.0
1.0
1.0
1.0
1.0
1.0
1.0
1.0
1.0
1.0
1.0
1.0
1.0
1.0
1.0
1.0
1.0
1.0
1.0
1.0
1.0
1.0
1.0
1.0
1.0
1.0
1.0
1.0
1.0
1.0
1.0
1.0
1.0
1.0
1.0
1.0
1.0
1.0
1.0
1.0
1.0
1.0
1.0
1.0
1.0
1.0
1.0
1.0
1.0
0.9615384615384616
1.0
1.0
1.0
1.0
1.0
1.0
1.0
0.9615384615384616
1.0
1.0
1.0
1.0
1.0
1.0
1.0
1.0
1.0
1.0
1.0
1.0
1.0
1.0
1.0
1.0
1.0
1.0
1.0
1.0
1.0
1.0
1.0
1.0
1.0
1.0
1.0
1.0
1.0
1.0
1.0
1.0
1.0
1.0
1.0
1.0
1.0
1.0
1.0
1.0
1.0
1.0
1.0
1.0
1.0
1.0
1.0
1.0
0.96
0.96
1.0
1.0
1.0
1.0
1.0
1.0
1.0
1.0
1.0
1.0
0.96
1.0
1.0
1.0
1.0
1.0
1.0
1.0
1.0
1.0
1.0
1.0
1.0
1.0
1.0
1.0
1.0
1.0
1.0
1.0
1.0
1.0
1.0
1.0
1.0
1.0
1.0
1.0
1.0
1.0
1.0
1.0
1.0
1.0
1.0
1.0
1.0
1.0
1.0
1.0
1.0
1.0
1.0
1.0
1.0
1.0
0.96
1.0
1.0
0.96
1.0
1.0
1.0
1.0
1.0
1.0
1.0
1.0
1.0
1.0
1.0
1.0
1.0
1.0
1.0
1.0
1.0
1.0
1.0
1.0
1.0
0.96
1.0
1.0
1.0
1.0
1.0
1.0
1.0
1.0
1.0
1.0
1.0
1.0
1.0
1.0
1.0
1.0
1.0
1.0
1.0
1.0
1.0
1.0
1.0
1.0
1.0
1.0
1.0
1.0
1.0
1.0
1.0
1.0
1.0
1.0
1.0
1.0
1.0
1.0
1.0
1.0
1.0
1.0
1.0
1.0
1.0
1.0
1.0
1.0
1.0
1.0
1.0
1.0
1.0
1.0
1.0
1.0
1.0
1.0
1.0
1.0
1.0
1.0
1.0
1.0
1.0
1.0
1.0
1.0
1.0
1.0
1.0
1.0
1.0
1.0
1.0
1.0
1.0
1.0
1.0
1.0
1.0
1.0
1.0
1.0
1.0
1.0
1.0
1.0
1.0
1.0
1.0
1.0
1.0
1.0
1.0
1.0
1.0
1.0
1.0
1.0
1.0
1.0
1.0
1.0
1.0
1.0
1.0
1.0
1.0
1.0
1.0
1.0
1.0
1.0
1.0
1.0
1.0
1.0
1.0
1.0
1.0
1.0
1.0
1.0
1.0
1.0
1.0
1.0
1.0
1.0
1.0
1.0
1.0
1.0
1.0
1.0
1.0
1.0
1.0
1.0
1.0
0.9583333333333334
1.0
1.0
1.0
1.0
1.0
1.0
1.0
1.0
1.0
1.0
1.0
1.0
1.0
0.9615384615384616
1.0
1.0
1.0
1.0
1.0
1.0
1.0
1.0
1.0
1.0
1.0
1.0
1.0
1.0
1.0
1.0
1.0
1.0
1.0
1.0
1.0
1.0
1.0
1.0
1.0
1.0
1.0
1.0
1.0
1.0
1.0
1.0
1.0
1.0
1.0
1.0
1.0
1.0
1.0
1.0
1.0
1.0
1.0
1.0
1.0
1.0
1.0
1.0
1.0
1.0
1.0
1.0
1.0
1.0
1.0
1.0
1.0
1.0
1.0
1.0
1.0
1.0
1.0
1.0
1.0
1.0
1.0
1.0
1.0
1.0
1.0
1.0
1.0
1.0
1.0
1.0
1.0
1.0
1.0
1.0
1.0
1.0
1.0
1.0
1.0
1.0
1.0
1.0
1.0
1.0
1.0
1.0
1.0
1.0
1.0
1.0
1.0
1.0
1.0
1.0
1.0
1.0
1.0
1.0
1.0
1.0
1.0
1.0
1.0
1.0
1.0
1.0
1.0
1.0
1.0
1.0
1.0
1.0
1.0
1.0
1.0
1.0
1.0
1.0
1.0
1.0
1.0
1.0
1.0
1.0
1.0
1.0
1.0
1.0
1.0
1.0
1.0
1.0
1.0
1.0
1.0
1.0
1.0
1.0
1.0
1.0
1.0
1.0
1.0
1.0
1.0
1.0
1.0
1.0
1.0
1.0
1.0
1.0
1.0
1.0
1.0
1.0
1.0
1.0
1.0
1.0
1.0
1.0
1.0
1.0
1.0
1.0
1.0
1.0
1.0
1.0
1.0
1.0
1.0
1.0
1.0
1.0
1.0
1.0
1.0
0.96
1.0
1.0
1.0
1.0
1.0
1.0
1.0
1.0
1.0
1.0
1.0
1.0
1.0
1.0
1.0
1.0
1.0
1.0
1.0
1.0
1.0
1.0
1.0
1.0
1.0
1.0
1.0
1.0
1.0
1.0
1.0
1.0
1.0
0.96
1.0
1.0
1.0
1.0
1.0
1.0
1.0
1.0
1.0
1.0
1.0
1.0
1.0
1.0
1.0
1.0
1.0
1.0
1.0
1.0
1.0
0.9615384615384616
1.0
1.0
1.0
1.0
1.0
1.0
1.0
1.0
1.0
1.0
1.0
1.0
1.0
1.0
1.0
0.96
1.0
1.0
1.0
1.0
1.0
1.0
0.96
1.0
1.0
0.96
1.0
1.0
1.0
1.0
1.0
1.0
1.0
1.0
1.0
1.0
1.0
1.0
1.0
1.0
1.0
1.0
1.0
1.0
1.0
1.0
1.0
1.0
1.0
1.0
1.0
1.0
1.0
1.0
1.0
1.0
1.0
1.0
1.0
0.96
1.0
0.96
1.0
1.0
1.0
1.0
1.0
1.0
1.0
1.0
0.96
1.0
1.0
1.0
1.0
1.0
1.0
1.0
1.0
1.0
1.0
1.0
1.0
1.0
1.0
1.0
1.0
1.0
1.0
1.0
1.0
1.0
1.0
1.0
1.0
1.0
1.0
1.0
1.0
1.0
1.0
1.0
1.0
1.0
0.9615384615384616
1.0
1.0
1.0
1.0
1.0
1.0
1.0
1.0
1.0
1.0
1.0
1.0
1.0
1.0
1.0
1.0
1.0
1.0
1.0
1.0
1.0
1.0
1.0
1.0
1.0
1.0
1.0
1.0
1.0
1.0
1.0
1.0
1.0
1.0
1.0
1.0
1.0
1.0
1.0
1.0
1.0
1.0
1.0
1.0
1.0
1.0
1.0
1.0
1.0
1.0
1.0
1.0
1.0
1.0
1.0
1.0
1.0
1.0
1.0
1.0
1.0
1.0
1.0
1.0
1.0
1.0
1.0
1.0
1.0
1.0
1.0
1.0
1.0
1.0
1.0
1.0
1.0
1.0
1.0
1.0
1.0
1.0
1.0
1.0
1.0
1.0
1.0
1.0
1.0
1.0
1.0
1.0
1.0
1.0
1.0
1.0
1.0
1.0
1.0
1.0
1.0
1.0
1.0
1.0
1.0
1.0
1.0
1.0
1.0
1.0
1.0
1.0
1.0
1.0
1.0
1.0
1.0
1.0
1.0
1.0
1.0
1.0
1.0
1.0
1.0
1.0
1.0
1.0
1.0
1.0
1.0
1.0
1.0
1.0
1.0
1.0
1.0
1.0
1.0
1.0
1.0
1.0
1.0
1.0
1.0
1.0
1.0
1.0
1.0
1.0
1.0
1.0
1.0
1.0
1.0
1.0
1.0
1.0
1.0
1.0
1.0
1.0
1.0
1.0
1.0
1.0
1.0
1.0
1.0
1.0
1.0
1.0
1.0
1.0
1.0
1.0
1.0
1.0
1.0
1.0
1.0
1.0
1.0
1.0
1.0
1.0
1.0
1.0
1.0
1.0
1.0
1.0
1.0
1.0
1.0
1.0
1.0
1.0
1.0
1.0
1.0
1.0
1.0
1.0
1.0
1.0
1.0
1.0
1.0
1.0
1.0
1.0
1.0
1.0
1.0
1.0
1.0
1.0
1.0
1.0
1.0
1.0
1.0
1.0
1.0
1.0
1.0
1.0
1.0
1.0
1.0
1.0
1.0
1.0
1.0
1.0
1.0
1.0
1.0
1.0
1.0
1.0
1.0
1.0
1.0
1.0
1.0
1.0
1.0
1.0
1.0
1.0
1.0
1.0
1.0
1.0
1.0
1.0
1.0
1.0
1.0
1.0
1.0
1.0
1.0
1.0
1.0
1.0
1.0
1.0
1.0
1.0
1.0
1.0
1.0
1.0
1.0
1.0
1.0
1.0
1.0
1.0
1.0
1.0
1.0
1.0
1.0
1.0
1.0
1.0
1.0
1.0
1.0
1.0
1.0
1.0
1.0
1.0
1.0
1.0
1.0
1.0
1.0
1.0
1.0
1.0
1.0
1.0
1.0
1.0
1.0
1.0
1.0
1.0
1.0
1.0
1.0
1.0
1.0
1.0
1.0
1.0
1.0
1.0
1.0
1.0
1.0
1.0
1.0
1.0
1.0
1.0
1.0
1.0
1.0
1.0
