0.0
0.0
0.0
0.0
0.0
0.0
0.0
0.0
0.0
0.0
0.0
0.0
0.0
0.0
0.0
0.0
0.0
0.0
0.0
0.0
0.0
0.0
0.0
0.0
0.0
0.0
0.0
0.0
0.0
0.0
0.0
0.0
0.0
0.0
0.0
0.0
0.0
0.0
0.0
0.0
0.0
0.0
0.0
0.0
0.0
0.0
0.0
0.0
0.0
0.0
0.0
0.0
0.0
0.0
0.0
0.0
0.0
0.0
0.0
0.0
0.0
0.0
0.0
0.0
0.0
0.0
0.0
0.0
0.0
0.0
0.0
0.0
0.0
0.0
0.0
0.0
0.0
0.0
0.0
0.0
0.0
0.0
0.0
0.0
0.0
0.0
0.0
0.0
0.0
0.0
0.0
0.0
0.0
0.0
0.0
0.0
0.0
0.0
0.0
0.0
0.0
0.0
0.0
0.0
0.0
0.0
0.0
0.0
0.0
0.0
0.0
0.0
0.0
0.0
0.0
0.0
0.0
0.0
0.0
0.0
0.0
0.0
0.0
0.0
0.0
0.0
0.0
0.0
0.0
0.0
0.0
0.0
0.0
0.0
0.0
0.0
0.0
0.0
0.0
0.0
0.0
0.0
0.0
0.0
0.0
0.0
0.0
0.0
0.0
0.0
0.0
0.0
0.0
0.0
0.0
0.0
0.0
0.0625
0.0
0.0
0.0
0.0
0.0
0.0
0.0
0.0
0.0625
0.0625
0.0
0.0
0.0
0.0
0.0
0.0625
0.0625
0.0
0.0
0.0
0.2777777777777778
0.0
0.125
0.0
0.0
0.125
0.0625
0.0
0.0
0.0625
0.0625
0.0
0.0
0.0625
0.0625
0.0625
0.125
0.0625
0.17647058823529413
0.125
0.0625
0.0
0.125
0.0
0.23529411764705882
0.0
0.0625
0.2777777777777778
0.0
0.125
0.23529411764705882
0.2777777777777778
0.2777777777777778
0.17647058823529413
0.125
0.125
0.3157894736842105
0.3684210526315789
0.125
0.125
0.23529411764705882
0.23529411764705882
0.23529411764705882
0.3157894736842105
0.2777777777777778
0.3157894736842105
0.17647058823529413
0.0625
0.3157894736842105
0.17647058823529413
0.125
0.17647058823529413
0.125
0.125
0.17647058823529413
0.23529411764705882
0.17647058823529413
0.17647058823529413
0.17647058823529413
0.125
0.2777777777777778
0.0
0.4
0.0625
0.17647058823529413
0.0625
0.0625
0.0
0.0625
0.0625
0.0
0.0625
0.17647058823529413
0.0625
0.125
0.125
0.0
0.17647058823529413
0.125
0.0625
0.0625
0.0
0.125
0.0
0.125
0.0
0.0
0.0
0.0625
0.0625
0.0625
0.0625
0.23529411764705882
0.0625
0.0
0.0
0.0
0.0625
0.0625
0.17647058823529413
0.0625
0.0625
0.125
0.0
0.0625
0.0625
0.17647058823529413
0.125
0.0625
0.0
0.0
0.17647058823529413
0.2777777777777778
0.23529411764705882
0.0
0.17647058823529413
0.23529411764705882
0.17647058823529413
0.125
0.23529411764705882
0.0625
0.23529411764705882
0.3157894736842105
0.17647058823529413
0.3684210526315789
0.23529411764705882
0.17647058823529413
0.45
0.45
0.2777777777777778
0.17647058823529413
0.23529411764705882
0.17647058823529413
0.2777777777777778
0.2777777777777778
0.17647058823529413
0.0625
0.3684210526315789
0.0625
0.23529411764705882
0.17647058823529413
0.3157894736842105
0.4
0.17647058823529413
0.125
0.17647058823529413
0.0625
0.47619047619047616
0.3684210526315789
0.2777777777777778
0.2777777777777778
0.4
0.4
0.4
0.0625
0.3157894736842105
0.3157894736842105
0.125
0.17647058823529413
0.3684210526315789
0.17647058823529413
0.3157894736842105
0.23529411764705882
0.3157894736842105
0.125
0.17647058823529413
0.4
0.4
0.2777777777777778
0.2777777777777778
0.3157894736842105
0.45
0.2777777777777778
0.5652173913043478
0.3157894736842105
0.2777777777777778
0.2777777777777778
0.2777777777777778
0.2777777777777778
0.4
0.3684210526315789
0.125
0.4
0.23529411764705882
0.2777777777777778
0.2777777777777778
0.3157894736842105
0.17647058823529413
0.17647058823529413
0.3157894736842105
0.23529411764705882
0.3684210526315789
0.3157894736842105
0.17647058823529413
0.17647058823529413
0.23529411764705882
0.17647058823529413
0.17647058823529413
0.2777777777777778
0.23529411764705882
0.3157894736842105
0.3157894736842105
0.17647058823529413
0.17647058823529413
0.2777777777777778
0.4
0.23529411764705882
0.2777777777777778
0.2777777777777778
0.125
0.2777777777777778
0.17647058823529413
0.23529411764705882
0.0625
0.125
0.17647058823529413
0.3157894736842105
0.0625
0.45
0.5
0.125
0.3157894736842105
0.23529411764705882
0.4
0.125
0.125
0.5
0.0625
0.3157894736842105
0.23529411764705882
0.47619047619047616
0.17647058823529413
0.3157894736842105
0.0625
0.17647058823529413
0.125
0.17647058823529413
0.45
0.2777777777777778
0.45
0.2777777777777778
0.3684210526315789
0.2777777777777778
0.2777777777777778
0.3157894736842105
0.23529411764705882
0.3157894736842105
0.3157894736842105
0.47619047619047616
0.17647058823529413
0.3157894736842105
0.2777777777777778
0.23529411764705882
0.23529411764705882
0.17647058823529413
0.23529411764705882
0.4
0.45
0.5
0.125
0.17647058823529413
0.47619047619047616
0.3684210526315789
0.23529411764705882
0.4
0.3157894736842105
0.4
0.0625
0.3333333333333333
0.23529411764705882
0.3684210526315789
0.2777777777777778
0.0625
0.2777777777777778
0.3157894736842105
0.17647058823529413
0.4
0.2777777777777778
0.5
0.17647058823529413
0.125
0.17647058823529413
0.3157894736842105
0.17647058823529413
0.23529411764705882
0.3684210526315789
0.3684210526315789
0.47619047619047616
0.4
0.4
0.5652173913043478
0.3684210526315789
0.17647058823529413
0.4
0.3157894736842105
0.5
0.23529411764705882
0.4
0.23529411764705882
0.4
0.2777777777777778
0.5652173913043478
0.47619047619047616
0.4
0.4
0.3157894736842105
0.3684210526315789
0.23529411764705882
0.2777777777777778
0.3157894736842105
0.4
0.23529411764705882
0.4
0.23529411764705882
0.3157894736842105
0.3157894736842105
0.23529411764705882
0.3157894736842105
0.23529411764705882
0.17647058823529413
0.17647058823529413
0.125
0.17647058823529413
0.23529411764705882
0.0625
0.3157894736842105
0.17647058823529413
0.17647058823529413
0.17647058823529413
0.2777777777777778
0.45
0.17647058823529413
0.3157894736842105
0.23529411764705882
0.125
0.3157894736842105
0.23529411764705882
0.0625
0.4
0.2777777777777778
0.23529411764705882
0.17647058823529413
0.3157894736842105
0.3157894736842105
0.2777777777777778
0.23529411764705882
0.3684210526315789
0.3157894736842105
0.0625
0.3157894736842105
0.3157894736842105
0.2777777777777778
0.4
0.5454545454545454
0.2777777777777778
0.3157894736842105
0.4
0.4
0.3684210526315789
0.4
0.23529411764705882
0.3157894736842105
0.47619047619047616
0.3684210526315789
0.2777777777777778
0.45
0.17647058823529413
0.3157894736842105
0.0
0.23529411764705882
0.3157894736842105
0.17647058823529413
0.0625
0.17647058823529413
0.0625
0.17647058823529413
0.125
0.23529411764705882
0.17647058823529413
0.17647058823529413
0.0625
0.0
0.17647058823529413
0.125
0.17647058823529413
0.0625
0.17647058823529413
0.125
0.125
0.17647058823529413
0.17647058823529413
0.17647058823529413
0.17647058823529413
0.125
0.0625
0.125
0.125
0.125
0.125
0.23529411764705882
0.0625
0.0625
0.23529411764705882
0.0
0.0625
0.17647058823529413
0.125
0.125
0.125
0.125
0.125
0.17647058823529413
0.17647058823529413
0.125
0.0625
0.125
0.0625
0.125
0.3157894736842105
0.0625
0.17647058823529413
0.17647058823529413
0.125
0.17647058823529413
0.0625
0.17647058823529413
0.17647058823529413
0.17647058823529413
0.0
0.125
0.2777777777777778
0.0625
0.17647058823529413
0.0625
0.125
0.0
0.23529411764705882
0.0625
0.125
0.17647058823529413
0.125
0.125
0.17647058823529413
0.125
0.0
0.17647058823529413
0.0
0.0625
0.0
0.06666666666666667
0.125
0.23529411764705882
0.125
0.17647058823529413
0.2777777777777778
0.0625
0.0625
0.17647058823529413
0.23529411764705882
0.2777777777777778
0.23529411764705882
0.0625
0.125
0.125
0.17647058823529413
0.0
0.0625
0.125
0.0625
0.23529411764705882
0.0
0.17647058823529413
0.125
0.17647058823529413
0.0625
0.23529411764705882
0.17647058823529413
0.125
0.0625
0.17647058823529413
0.23529411764705882
0.125
0.23529411764705882
0.23529411764705882
0.17647058823529413
0.45
0.2777777777777778
0.17647058823529413
0.17647058823529413
0.125
0.2777777777777778
0.3333333333333333
0.125
0.125
0.17647058823529413
0.17647058823529413
0.17647058823529413
0.125
0.23529411764705882
0.17647058823529413
0.0
0.17647058823529413
0.0
0.2777777777777778
0.0625
0.23529411764705882
0.3157894736842105
0.125
0.2777777777777778
0.125
0.3333333333333333
0.2777777777777778
0.23529411764705882
0.2777777777777778
0.47619047619047616
0.4
0.2777777777777778
0.2777777777777778
0.2777777777777778
0.3333333333333333
0.3684210526315789
0.4
0.5652173913043478
0.2777777777777778
0.5652173913043478
0.47619047619047616
0.5454545454545454
0.3684210526315789
0.5238095238095238
0.47619047619047616
0.4
0.5454545454545454
0.47619047619047616
0.4
0.5238095238095238
0.4
0.4
0.47619047619047616
0.6086956521739131
0.7407407407407407
0.4
0.3157894736842105
0.6086956521739131
0.625
0.5454545454545454
0.3684210526315789
0.6086956521739131
0.47619047619047616
0.5454545454545454
0.6086956521739131
0.47619047619047616
0.5238095238095238
0.5454545454545454
0.5454545454545454
0.68
0.6086956521739131
0.6086956521739131
0.7307692307692307
0.7407407407407407
0.68
0.6086956521739131
0.6086956521739131
0.5238095238095238
0.47619047619047616
0.6666666666666666
0.5454545454545454
0.68
0.7307692307692307
0.68
0.5652173913043478
0.6666666666666666
0.5238095238095238
0.47619047619047616
0.5454545454545454
0.6666666666666666
0.68
0.7407407407407407
0.4
0.625
0.47619047619047616
0.7307692307692307
0.68
0.5652173913043478
0.5454545454545454
0.625
0.625
0.7307692307692307
0.625
0.68
0.68
0.625
0.7857142857142857
0.47619047619047616
0.625
0.7307692307692307
0.68
0.3684210526315789
0.7307692307692307
0.625
0.7407407407407407
0.68
0.47619047619047616
0.68
0.625
0.7777777777777778
0.68
0.7692307692307693
0.7777777777777778
0.5238095238095238
0.6666666666666666
0.7777777777777778
0.7307692307692307
0.8275862068965517
0.7407407407407407
0.7307692307692307
0.625
0.7857142857142857
0.7857142857142857
0.8709677419354839
0.90625
0.9032258064516129
0.7777777777777778
0.68
0.90625
0.8709677419354839
0.625
0.8275862068965517
0.7407407407407407
0.68
0.8620689655172413
0.8333333333333334
0.90625
0.6923076923076923
0.8709677419354839
0.68
0.90625
0.9032258064516129
0.9411764705882353
0.90625
0.8666666666666667
0.7857142857142857
0.8333333333333334
0.8275862068965517
0.8709677419354839
0.90625
0.7857142857142857
0.8333333333333334
0.90625
0.8709677419354839
0.90625
0.7857142857142857
0.9411764705882353
0.8709677419354839
0.8333333333333334
0.8333333333333334
0.8333333333333334
0.9090909090909091
0.90625
0.8709677419354839
0.8275862068965517
0.8709677419354839
0.8709677419354839
0.90625
0.7857142857142857
0.9393939393939394
0.8620689655172413
0.7857142857142857
0.8333333333333334
0.90625
0.8275862068965517
0.90625
0.9411764705882353
0.8214285714285714
0.90625
0.8709677419354839
0.8709677419354839
0.9393939393939394
0.8709677419354839
0.8709677419354839
0.8709677419354839
0.7407407407407407
0.68
0.9393939393939394
0.7407407407407407
0.8709677419354839
0.72
0.90625
0.6923076923076923
0.8275862068965517
0.7857142857142857
0.8709677419354839
0.8275862068965517
0.9090909090909091
0.7857142857142857
0.90625
0.9090909090909091
0.9090909090909091
0.9375
0.9090909090909091
0.9090909090909091
0.8275862068965517
0.8709677419354839
0.9411764705882353
0.9722222222222222
0.9411764705882353
0.875
0.8333333333333334
0.9090909090909091
0.90625
0.875
0.7857142857142857
0.9411764705882353
0.8709677419354839
0.9411764705882353
0.8709677419354839
0.8666666666666667
0.8709677419354839
0.9090909090909091
0.9090909090909091
0.90625
0.8709677419354839
0.8709677419354839
0.9090909090909091
0.8333333333333334
0.7857142857142857
0.8333333333333334
0.9090909090909091
0.8709677419354839
0.9411764705882353
0.7307692307692307
0.8333333333333334
0.9722222222222222
0.8709677419354839
0.875
0.8333333333333334
0.9714285714285714
0.90625
0.9411764705882353
0.9722222222222222
0.9411764705882353
0.9090909090909091
0.8333333333333334
0.8214285714285714
0.8333333333333334
0.7857142857142857
0.9032258064516129
0.7857142857142857
0.8333333333333334
0.9090909090909091
0.7407407407407407
0.5238095238095238
0.9090909090909091
0.9705882352941176
0.9375
0.7857142857142857
0.8709677419354839
0.8709677419354839
0.875
0.7857142857142857
0.875
0.8333333333333334
0.9722222222222222
0.7857142857142857
0.9411764705882353
0.7407407407407407
0.9090909090909091
0.9705882352941176
0.7931034482758621
0.90625
0.8709677419354839
0.9722222222222222
0.8333333333333334
0.9722222222222222
0.9090909090909091
0.9722222222222222
0.9722222222222222
0.9411764705882353
0.9090909090909091
0.9428571428571428
0.9722222222222222
0.9428571428571428
0.9090909090909091
1.0
0.875
0.7931034482758621
1.0
0.9714285714285714
0.7931034482758621
0.9722222222222222
0.9722222222222222
0.875
0.9032258064516129
0.7307692307692307
0.9090909090909091
0.8666666666666667
0.9090909090909091
0.9090909090909091
0.9411764705882353
0.9090909090909091
0.9090909090909091
0.8333333333333334
0.7407407407407407
0.9705882352941176
0.90625
0.8709677419354839
0.9032258064516129
0.7857142857142857
0.9393939393939394
0.7407407407407407
0.8709677419354839
0.8709677419354839
0.7931034482758621
0.7931034482758621
0.8709677419354839
0.8214285714285714
0.8666666666666667
0.8709677419354839
0.7931034482758621
0.7931034482758621
0.8275862068965517
0.9411764705882353
0.8333333333333334
0.7857142857142857
0.875
0.9090909090909091
0.9428571428571428
0.9428571428571428
0.8333333333333334
0.9428571428571428
0.9090909090909091
0.9117647058823529
0.9428571428571428
0.9722222222222222
0.9411764705882353
0.9428571428571428
0.9428571428571428
0.9428571428571428
0.9090909090909091
1.0
0.9090909090909091
1.0
0.9090909090909091
0.9722222222222222
0.9722222222222222
0.9090909090909091
0.875
0.875
1.0
0.9411764705882353
0.9090909090909091
0.9428571428571428
0.9090909090909091
0.9090909090909091
0.9428571428571428
0.9722222222222222
0.9428571428571428
1.0
0.9722222222222222
0.9090909090909091
0.9428571428571428
0.9090909090909091
0.9411764705882353
0.875
0.875
0.7931034482758621
0.9117647058823529
0.875
0.9090909090909091
0.9722222222222222
0.6923076923076923
0.8333333333333334
0.875
0.9090909090909091
0.875
0.9090909090909091
0.8333333333333334
0.9722222222222222
0.9428571428571428
0.90625
0.9411764705882353
0.9117647058823529
0.9090909090909091
0.9090909090909091
0.9428571428571428
0.9090909090909091
0.875
0.972972972972973
0.9428571428571428
0.972972972972973
1.0
0.9714285714285714
1.0
0.8333333333333334
0.9117647058823529
0.9090909090909091
0.9428571428571428
0.9722222222222222
1.0
0.875
1.0
0.9722222222222222
0.9117647058823529
0.9117647058823529
0.9722222222222222
0.972972972972973
0.9090909090909091
0.9722222222222222
0.9714285714285714
0.972972972972973
0.9428571428571428
0.90625
0.9722222222222222
0.9090909090909091
0.9722222222222222
0.9117647058823529
0.9428571428571428
0.9428571428571428
0.9117647058823529
0.972972972972973
0.9428571428571428
0.9117647058823529
0.9428571428571428
0.972972972972973
0.9117647058823529
0.9393939393939394
0.9428571428571428
0.9722222222222222
0.9428571428571428
0.9428571428571428
0.972972972972973
0.9090909090909091
0.9428571428571428
0.9411764705882353
0.972972972972973
0.9714285714285714
0.9117647058823529
0.9090909090909091
1.0
0.9090909090909091
0.9428571428571428
0.9428571428571428
0.9428571428571428
0.972972972972973
0.9428571428571428
0.9117647058823529
0.875
0.9722222222222222
0.9722222222222222
1.0
0.8709677419354839
0.9428571428571428
0.972972972972973
0.9428571428571428
0.9117647058823529
1.0
0.9117647058823529
0.972972972972973
0.972972972972973
1.0
0.972972972972973
0.8275862068965517
0.9117647058823529
0.9117647058823529
0.9428571428571428
0.9117647058823529
0.9428571428571428
0.875
1.0
1.0
1.0
0.972972972972973
0.972972972972973
0.9428571428571428
1.0
1.0
0.972972972972973
1.0
0.9444444444444444
1.0
1.0
1.0
0.972972972972973
0.972972972972973
1.0
0.9428571428571428
0.972972972972973
0.9428571428571428
0.9722222222222222
0.972972972972973
0.9117647058823529
0.972972972972973
0.972972972972973
0.90625
0.9428571428571428
0.9428571428571428
1.0
0.9444444444444444
0.9428571428571428
0.972972972972973
0.9714285714285714
0.972972972972973
0.972972972972973
0.972972972972973
1.0
0.9428571428571428
0.972972972972973
0.9722222222222222
1.0
0.972972972972973
1.0
0.972972972972973
0.972972972972973
1.0
1.0
0.9428571428571428
0.972972972972973
0.9428571428571428
0.9117647058823529
1.0
1.0
0.9428571428571428
1.0
0.7931034482758621
0.9090909090909091
0.8387096774193549
0.9090909090909091
0.9090909090909091
0.9411764705882353
0.9090909090909091
0.8333333333333334
0.875
0.9428571428571428
0.9428571428571428
0.9428571428571428
0.9722222222222222
0.9428571428571428
0.9090909090909091
1.0
0.9428571428571428
0.9411764705882353
0.972972972972973
0.972972972972973
0.972972972972973
1.0
0.972972972972973
0.972972972972973
1.0
1.0
1.0
1.0
0.9428571428571428
0.9722222222222222
1.0
1.0
1.0
0.9428571428571428
1.0
0.972972972972973
0.9722222222222222
1.0
1.0
0.9722222222222222
0.9722222222222222
0.972972972972973
1.0
1.0
1.0
1.0
0.9428571428571428
1.0
1.0
0.972972972972973
1.0
0.9722222222222222
1.0
0.9722222222222222
0.9090909090909091
1.0
0.9428571428571428
1.0
0.9090909090909091
1.0
0.9722222222222222
1.0
1.0
1.0
0.972972972972973
0.9722222222222222
0.9722222222222222
0.9428571428571428
1.0
0.9428571428571428
0.9722222222222222
0.972972972972973
1.0
0.875
0.9722222222222222
0.9090909090909091
0.9722222222222222
0.9428571428571428
0.9428571428571428
0.9117647058823529
1.0
0.9722222222222222
1.0
0.9722222222222222
1.0
0.9722222222222222
0.9722222222222222
0.9428571428571428
1.0
0.972972972972973
1.0
0.9428571428571428
0.9428571428571428
1.0
1.0
0.9722222222222222
0.9722222222222222
1.0
0.9722222222222222
1.0
0.9722222222222222
0.9428571428571428
0.875
0.9428571428571428
1.0
0.9090909090909091
0.9428571428571428
0.875
1.0
0.9722222222222222
0.9428571428571428
0.972972972972973
0.9428571428571428
1.0
0.9722222222222222
0.9090909090909091
1.0
0.9722222222222222
0.9117647058823529
1.0
0.9411764705882353
0.9722222222222222
0.9722222222222222
0.9428571428571428
0.9722222222222222
0.9722222222222222
0.9722222222222222
0.8333333333333334
0.9722222222222222
0.9722222222222222
1.0
1.0
0.9428571428571428
1.0
0.9722222222222222
0.9722222222222222
0.9428571428571428
0.972972972972973
0.9428571428571428
0.9428571428571428
0.9428571428571428
0.9722222222222222
0.9090909090909091
1.0
0.9722222222222222
0.9428571428571428
0.9722222222222222
1.0
0.9090909090909091
1.0
1.0
1.0
1.0
0.9722222222222222
0.9722222222222222
0.9428571428571428
0.9428571428571428
0.9428571428571428
1.0
1.0
0.9722222222222222
1.0
0.9714285714285714
0.9722222222222222
0.9722222222222222
1.0
0.972972972972973
0.9428571428571428
1.0
1.0
1.0
0.9722222222222222
0.9117647058823529
0.9393939393939394
0.9722222222222222
1.0
0.9722222222222222
0.9722222222222222
0.9411764705882353
0.9722222222222222
0.9722222222222222
1.0
1.0
0.9428571428571428
0.9090909090909091
1.0
1.0
0.9722222222222222
0.9722222222222222
0.9722222222222222
0.9722222222222222
0.9722222222222222
1.0
0.9722222222222222
1.0
1.0
0.9722222222222222
1.0
0.9722222222222222
0.9722222222222222
0.9411764705882353
1.0
0.9428571428571428
0.9722222222222222
1.0
0.9428571428571428
0.9722222222222222
0.875
0.9722222222222222
0.9714285714285714
0.9705882352941176
1.0
0.9722222222222222
0.9722222222222222
0.9411764705882353
0.9411764705882353
1.0
0.9411764705882353
1.0
0.9411764705882353
1.0
0.9411764705882353
1.0
1.0
0.9705882352941176
1.0
1.0
0.9714285714285714
1.0
1.0
0.9411764705882353
1.0
0.9722222222222222
0.9722222222222222
0.9722222222222222
1.0
0.8709677419354839
0.8709677419354839
0.8709677419354839
1.0
1.0
0.9722222222222222
1.0
1.0
0.9411764705882353
1.0
0.9722222222222222
0.9722222222222222
0.9722222222222222
1.0
1.0
0.9722222222222222
1.0
0.9722222222222222
0.9722222222222222
0.9714285714285714
1.0
1.0
0.9411764705882353
1.0
0.9705882352941176
1.0
0.9722222222222222
1.0
0.9411764705882353
1.0
1.0
0.9722222222222222
1.0
0.9090909090909091
1.0
0.9714285714285714
0.9714285714285714
0.9411764705882353
0.9714285714285714
0.9722222222222222
0.9090909090909091
1.0
0.9722222222222222
0.9714285714285714
1.0
0.9714285714285714
0.9714285714285714
0.9722222222222222
0.9393939393939394
0.9411764705882353
0.9714285714285714
0.9714285714285714
0.9411764705882353
0.9375
0.9722222222222222
0.9722222222222222
0.9722222222222222
0.90625
0.9411764705882353
0.9411764705882353
0.9411764705882353
0.9714285714285714
0.9714285714285714
1.0
0.8275862068965517
0.9714285714285714
0.90625
0.9714285714285714
0.90625
1.0
0.9714285714285714
1.0
0.9411764705882353
0.90625
0.9411764705882353
0.9722222222222222
1.0
0.8709677419354839
0.9714285714285714
0.9714285714285714
1.0
0.9411764705882353
0.9411764705882353
0.9714285714285714
1.0
0.9722222222222222
0.9411764705882353
0.9722222222222222
0.9411764705882353
0.9090909090909091
0.9714285714285714
0.9411764705882353
0.9714285714285714
0.9714285714285714
0.90625
0.9714285714285714
1.0
0.90625
0.9714285714285714
1.0
0.9714285714285714
0.9714285714285714
0.9411764705882353
0.9714285714285714
0.9714285714285714
1.0
1.0
0.9411764705882353
0.9714285714285714
0.9411764705882353
0.9722222222222222
0.9714285714285714
1.0
0.9411764705882353
0.9722222222222222
0.9411764705882353
1.0
0.9722222222222222
0.9722222222222222
1.0
0.9722222222222222
1.0
1.0
0.9722222222222222
0.9393939393939394
0.9722222222222222
0.9411764705882353
1.0
1.0
0.9090909090909091
0.9090909090909091
1.0
0.9411764705882353
1.0
1.0
1.0
0.9411764705882353
0.9411764705882353
0.9411764705882353
0.9722222222222222
0.9722222222222222
0.9411764705882353
0.9714285714285714
0.9722222222222222
0.9722222222222222
1.0
0.9411764705882353
0.9393939393939394
0.9411764705882353
0.9090909090909091
0.9411764705882353
1.0
0.9722222222222222
0.9722222222222222
1.0
1.0
0.9722222222222222
0.9722222222222222
1.0
0.9722222222222222
0.9714285714285714
0.9722222222222222
1.0
1.0
0.9411764705882353
0.9722222222222222
0.9714285714285714
0.9714285714285714
1.0
1.0
0.9411764705882353
1.0
0.9714285714285714
0.8709677419354839
0.9722222222222222
1.0
0.9714285714285714
0.9411764705882353
0.9411764705882353
0.9714285714285714
1.0
0.9705882352941176
1.0
0.9722222222222222
1.0
0.9722222222222222
0.9722222222222222
1.0
0.9722222222222222
0.9714285714285714
0.90625
1.0
0.8709677419354839
0.9714285714285714
0.9714285714285714
1.0
0.9090909090909091
0.9411764705882353
0.9714285714285714
0.9705882352941176
0.9714285714285714
0.9722222222222222
0.9428571428571428
0.9722222222222222
1.0
1.0
0.9722222222222222
0.9722222222222222
0.9722222222222222
1.0
0.9722222222222222
0.9722222222222222
0.9722222222222222
0.9722222222222222
0.9722222222222222
1.0
0.9090909090909091
0.9722222222222222
1.0
0.9090909090909091
0.9032258064516129
0.8333333333333334
1.0
0.9714285714285714
0.9714285714285714
1.0
0.9722222222222222
0.9722222222222222
1.0
1.0
0.9722222222222222
1.0
0.9411764705882353
0.9411764705882353
0.9090909090909091
1.0
1.0
0.90625
0.9411764705882353
0.8333333333333334
0.9375
0.9714285714285714
1.0
0.9722222222222222
0.9714285714285714
0.9411764705882353
0.9722222222222222
0.9722222222222222
0.9722222222222222
0.9411764705882353
0.9714285714285714
0.9411764705882353
0.9714285714285714
0.9090909090909091
0.8709677419354839
0.8709677419354839
0.9714285714285714
0.9722222222222222
0.9722222222222222
1.0
0.9090909090909091
0.9411764705882353
0.9411764705882353
0.9722222222222222
0.9090909090909091
0.9705882352941176
0.9090909090909091
0.9722222222222222
0.9722222222222222
1.0
1.0
0.9722222222222222
0.9411764705882353
0.9411764705882353
0.9411764705882353
1.0
1.0
1.0
0.9722222222222222
0.9722222222222222
0.9411764705882353
1.0
0.9714285714285714
1.0
1.0
1.0
0.9722222222222222
0.9722222222222222
1.0
0.9722222222222222
0.9722222222222222
0.9722222222222222
0.9722222222222222
1.0
1.0
0.9722222222222222
0.9428571428571428
0.9722222222222222
0.9722222222222222
0.9722222222222222
1.0
1.0
1.0
0.9722222222222222
0.9428571428571428
0.9428571428571428
0.9722222222222222
1.0
1.0
0.9705882352941176
1.0
0.8709677419354839
0.9714285714285714
0.9722222222222222
0.9722222222222222
0.9032258064516129
0.9722222222222222
1.0
1.0
1.0
1.0
0.9722222222222222
0.9411764705882353
0.9722222222222222
1.0
0.9722222222222222
0.9722222222222222
1.0
0.9411764705882353
1.0
0.9722222222222222
1.0
1.0
0.9722222222222222
1.0
1.0
0.9411764705882353
0.9722222222222222
0.9722222222222222
0.9714285714285714
1.0
0.9705882352941176
1.0
1.0
1.0
1.0
1.0
1.0
1.0
1.0
0.9411764705882353
1.0
0.9090909090909091
0.9714285714285714
1.0
1.0
1.0
1.0
0.9714285714285714
1.0
0.9722222222222222
0.9411764705882353
1.0
0.9411764705882353
1.0
0.9722222222222222
1.0
1.0
1.0
0.9722222222222222
0.9722222222222222
0.9393939393939394
0.9411764705882353
1.0
1.0
1.0
1.0
1.0
0.90625
0.9411764705882353
1.0
0.9722222222222222
1.0
0.9714285714285714
1.0
0.9090909090909091
0.9411764705882353
0.8333333333333334
0.9714285714285714
0.9411764705882353
0.9411764705882353
0.9411764705882353
0.9411764705882353
0.9411764705882353
1.0
1.0
0.9411764705882353
0.9722222222222222
0.9714285714285714
1.0
0.9722222222222222
0.9714285714285714
0.9722222222222222
1.0
0.9411764705882353
1.0
0.9722222222222222
0.9411764705882353
1.0
1.0
0.9714285714285714
1.0
0.9714285714285714
0.9722222222222222
1.0
1.0
0.9722222222222222
1.0
0.9722222222222222
1.0
0.9722222222222222
0.9428571428571428
0.9714285714285714
1.0
1.0
1.0
1.0
1.0
0.9428571428571428
1.0
0.9722222222222222
1.0
1.0
0.9722222222222222
0.9722222222222222
1.0
0.9722222222222222
1.0
0.9722222222222222
1.0
1.0
1.0
1.0
0.9722222222222222
1.0
1.0
1.0
0.9722222222222222
1.0
1.0
0.9722222222222222
1.0
1.0
1.0
0.9722222222222222
0.9411764705882353
1.0
1.0
0.9722222222222222
0.9722222222222222
1.0
1.0
1.0
1.0
1.0
1.0
1.0
1.0
1.0
0.9722222222222222
1.0
1.0
1.0
1.0
0.9722222222222222
1.0
0.9722222222222222
1.0
0.9722222222222222
0.9722222222222222
1.0
0.9722222222222222
0.9722222222222222
1.0
0.9714285714285714
1.0
1.0
1.0
1.0
1.0
1.0
1.0
1.0
1.0
1.0
0.9714285714285714
0.9722222222222222
1.0
0.9722222222222222
1.0
1.0
0.9722222222222222
1.0
1.0
0.9722222222222222
1.0
1.0
1.0
0.9428571428571428
1.0
1.0
1.0
1.0
0.9428571428571428
1.0
0.9722222222222222
1.0
0.9722222222222222
1.0
1.0
1.0
0.9722222222222222
0.9722222222222222
1.0
1.0
1.0
0.9722222222222222
0.9722222222222222
1.0
1.0
0.9428571428571428
1.0
1.0
1.0
0.9722222222222222
1.0
1.0
0.9411764705882353
1.0
1.0
0.9722222222222222
1.0
1.0
0.9722222222222222
0.9090909090909091
1.0
1.0
1.0
1.0
0.9722222222222222
1.0
1.0
0.9090909090909091
0.9428571428571428
1.0
0.9428571428571428
0.9714285714285714
0.9722222222222222
1.0
0.9722222222222222
0.9722222222222222
1.0
0.9722222222222222
0.972972972972973
1.0
1.0
1.0
1.0
1.0
0.9428571428571428
1.0
1.0
1.0
1.0
1.0
1.0
1.0
1.0
1.0
1.0
1.0
1.0
1.0
1.0
1.0
1.0
1.0
1.0
0.972972972972973
0.972972972972973
1.0
0.972972972972973
1.0
1.0
1.0
1.0
1.0
1.0
1.0
0.972972972972973
1.0
0.9722222222222222
1.0
1.0
1.0
1.0
1.0
1.0
1.0
1.0
1.0
0.9428571428571428
1.0
1.0
1.0
1.0
1.0
1.0
1.0
0.972972972972973
0.972972972972973
0.972972972972973
1.0
0.972972972972973
0.972972972972973
0.9722222222222222
0.972972972972973
0.972972972972973
1.0
1.0
1.0
1.0
0.972972972972973
0.972972972972973
1.0
0.972972972972973
0.972972972972973
0.972972972972973
1.0
0.972972972972973
0.972972972972973
1.0
1.0
0.9444444444444444
1.0
1.0
0.972972972972973
1.0
0.9428571428571428
1.0
1.0
1.0
0.972972972972973
1.0
0.972972972972973
1.0
1.0
0.972972972972973
0.9117647058823529
1.0
1.0
1.0
1.0
1.0
0.9444444444444444
1.0
0.9722222222222222
1.0
0.9117647058823529
0.9736842105263158
1.0
1.0
1.0
0.972972972972973
1.0
0.9444444444444444
0.9736842105263158
1.0
0.972972972972973
1.0
1.0
0.9736842105263158
0.972972972972973
0.9736842105263158
1.0
0.972972972972973
0.9444444444444444
1.0
0.9736842105263158
1.0
0.972972972972973
1.0
0.9444444444444444
0.9736842105263158
0.9736842105263158
1.0
0.9444444444444444
0.9444444444444444
1.0
1.0
1.0
0.9444444444444444
0.9736842105263158
1.0
0.9714285714285714
0.9444444444444444
0.9117647058823529
0.9736842105263158
0.9736842105263158
0.9117647058823529
1.0
0.9736842105263158
1.0
1.0
1.0
0.9736842105263158
0.972972972972973
0.9736842105263158
0.9459459459459459
1.0
1.0
0.9736842105263158
1.0
0.972972972972973
0.9736842105263158
0.9736842105263158
0.9444444444444444
1.0
1.0
0.9736842105263158
1.0
0.9736842105263158
0.9736842105263158
1.0
0.9736842105263158
1.0
0.9444444444444444
1.0
1.0
1.0
1.0
1.0
1.0
0.9736842105263158
1.0
1.0
1.0
1.0
0.9736842105263158
1.0
1.0
0.9736842105263158
0.9736842105263158
1.0
1.0
1.0
1.0
1.0
1.0
1.0
1.0
1.0
1.0
1.0
0.9736842105263158
1.0
1.0
1.0
0.9736842105263158
0.9736842105263158
0.9736842105263158
1.0
1.0
1.0
1.0
0.9736842105263158
1.0
1.0
1.0
1.0
1.0
1.0
1.0
1.0
0.9736842105263158
1.0
1.0
1.0
1.0
0.9736842105263158
0.9743589743589743
1.0
0.9459459459459459
1.0
1.0
1.0
1.0
1.0
1.0
1.0
1.0
1.0
1.0
1.0
0.9736842105263158
1.0
1.0
1.0
1.0
1.0
1.0
1.0
1.0
1.0
1.0
1.0
1.0
1.0
0.9459459459459459
0.9459459459459459
1.0
0.9736842105263158
0.9459459459459459
0.9736842105263158
0.9459459459459459
1.0
1.0
0.9743589743589743
0.9743589743589743
0.9736842105263158
0.9736842105263158
0.9459459459459459
0.9743589743589743
1.0
0.9743589743589743
1.0
1.0
0.9459459459459459
1.0
1.0
1.0
1.0
0.9743589743589743
1.0
0.9459459459459459
1.0
1.0
1.0
0.9459459459459459
0.9459459459459459
1.0
0.9736842105263158
0.9743589743589743
1.0
0.9743589743589743
1.0
0.9743589743589743
1.0
0.9743589743589743
1.0
1.0
0.9743589743589743
1.0
0.9743589743589743
1.0
1.0
0.9473684210526315
1.0
1.0
1.0
0.9743589743589743
1.0
0.9736842105263158
1.0
1.0
1.0
1.0
1.0
0.9743589743589743
1.0
1.0
1.0
0.9743589743589743
1.0
0.9459459459459459
1.0
0.9743589743589743
0.9743589743589743
1.0
0.9743589743589743
1.0
1.0
1.0
0.9743589743589743
1.0
0.9743589743589743
0.9743589743589743
1.0
1.0
1.0
0.9473684210526315
1.0
0.9743589743589743
1.0
1.0
1.0
1.0
1.0
1.0
0.9743589743589743
1.0
0.9473684210526315
0.9166666666666666
1.0
1.0
0.9743589743589743
0.9743589743589743
1.0
0.9743589743589743
1.0
0.9743589743589743
0.9473684210526315
1.0
1.0
1.0
1.0
1.0
1.0
0.9473684210526315
1.0
1.0
1.0
1.0
1.0
1.0
1.0
1.0
0.975
1.0
1.0
1.0
1.0
1.0
1.0
0.9743589743589743
0.9743589743589743
1.0
0.9743589743589743
1.0
1.0
1.0
1.0
1.0
1.0
1.0
0.975
0.9743589743589743
1.0
1.0
1.0
0.9743589743589743
1.0
1.0
1.0
0.9743589743589743
1.0
1.0
0.975
1.0
1.0
1.0
1.0
1.0
0.9743589743589743
1.0
1.0
1.0
1.0
1.0
1.0
1.0
1.0
1.0
1.0
1.0
1.0
0.975
1.0
1.0
1.0
1.0
1.0
0.975
1.0
1.0
1.0
1.0
1.0
1.0
1.0
1.0
1.0
1.0
1.0
1.0
1.0
1.0
1.0
1.0
1.0
1.0
1.0
1.0
1.0
1.0
1.0
1.0
1.0
1.0
1.0
1.0
1.0
1.0
