0.0
0.0
0.0
0.0
0.0
0.0
0.0
0.0
0.0
0.0
0.0
0.0
0.0
0.0
0.0
0.0
0.0
0.0
0.0
0.0
0.0
0.0
0.0
0.0
0.0
0.0
0.0
0.0
0.0
0.0
0.0
0.0
0.0
0.0
0.0
0.0
0.0
0.0
0.0
0.0
0.0
0.0
0.0
0.0
0.0
0.0
0.0
0.0
0.0
0.0
0.0
0.0
0.0
0.0
0.0
0.0
0.0
0.0
0.0
0.0
0.0
0.0
0.0
0.0
0.0
0.0
0.0
0.0
0.0
0.0
0.0
0.0
0.0
0.0
0.0
0.0
0.0
0.0
0.0
0.0
0.0
0.0
0.0
0.0
0.0
0.0
0.0
0.0
0.0
0.0
0.0
0.0
0.0
0.0
0.0
0.0
0.0
0.0
0.0
0.0
0.0
0.0
0.0
0.0
0.0
0.0
0.0
0.0
0.0
0.0
0.0
0.0
0.0
0.0
0.0
0.0
0.0
0.0
0.0
0.0
0.0
0.0
0.0
0.0
0.0
0.0
0.0
0.0
0.0
0.0
0.0
0.0
0.0
0.0
0.0
0.0
0.0
0.0
0.0
0.0
0.0
0.0
0.0
0.0
0.0
0.0
0.0
0.0
0.0
0.0
0.0
0.0
0.0
0.0
0.0
0.0
0.0
0.0
0.0
0.0
0.0
0.0
0.0
0.0
0.0
0.0
0.0
0.0
0.0
0.0
0.0
0.0
0.0
0.0
0.0
0.0
0.0
0.0
0.0
0.0
0.0
0.0
0.0
0.0
0.0
0.0
0.0
0.0
0.0
0.0
0.0625
0.0625
0.0625
0.0
0.0
0.0
0.0625
0.0
0.0
0.0
0.0
0.0
0.0625
0.0
0.0
0.0
0.0
0.0
0.0
0.0
0.0
0.0
0.0
0.0
0.125
0.0
0.0
0.0625
0.0
0.0
0.0
0.0
0.0625
0.0
0.0625
0.0
0.0
0.0
0.0
0.0
0.0
0.0
0.0
0.0
0.0
0.0
0.0
0.0
0.0
0.0
0.0
0.0
0.0
0.0
0.0
0.0
0.0
0.0
0.0
0.0
0.0
0.0
0.0
0.0
0.0625
0.0
0.0
0.11764705882352941
0.0
0.0
0.0625
0.0
0.0
0.0625
0.0
0.0
0.058823529411764705
0.125
0.125
0.0625
0.0625
0.23529411764705882
0.0
0.125
0.125
0.0625
0.23529411764705882
0.0
0.0
0.0625
0.0625
0.0
0.0
0.0
0.06666666666666667
0.0
0.0
0.0
0.0
0.0
0.0625
0.0
0.0
0.0
0.0
0.0
0.0
0.0
0.06666666666666667
0.0
0.0
0.0
0.06666666666666667
0.0
0.0
0.0
0.0
0.0
0.0
0.0
0.0625
0.0
0.0
0.0
0.06666666666666667
0.0
0.0
0.0
0.0
0.06666666666666667
0.06666666666666667
0.06666666666666667
0.06666666666666667
0.0
0.1875
0.0
0.0
0.0
0.06666666666666667
0.06666666666666667
0.0
0.06666666666666667
0.0
0.0
0.0
0.0
0.1875
0.06666666666666667
0.0625
0.0
0.0
0.06666666666666667
0.0
0.0625
0.0
0.0
0.0
0.0
0.0625
0.06666666666666667
0.0
0.0
0.06666666666666667
0.0625
0.0
0.0
0.0
0.125
0.125
0.0
0.0
0.06666666666666667
0.0
0.06666666666666667
0.0
0.0
0.0
0.0
0.0
0.0
0.0
0.0
0.0
0.06666666666666667
0.0
0.0625
0.125
0.0
0.0
0.0
0.1875
0.1875
0.06666666666666667
0.0
0.0
0.0
0.0
0.06666666666666667
0.0
0.0
0.125
0.0
0.0
0.0
0.06666666666666667
0.125
0.06666666666666667
0.0
0.0
0.125
0.125
0.23529411764705882
0.125
0.125
0.0
0.23529411764705882
0.06666666666666667
0.125
0.23529411764705882
0.3333333333333333
0.3333333333333333
0.23529411764705882
0.3888888888888889
0.29411764705882354
0.3888888888888889
0.5789473684210527
0.55
0.42105263157894735
0.47368421052631576
0.3333333333333333
0.3888888888888889
0.6
0.3333333333333333
0.6
0.6
0.47368421052631576
0.47368421052631576
0.6
0.3888888888888889
0.7272727272727273
0.55
0.55
0.55
0.47368421052631576
0.35294117647058826
0.3888888888888889
0.5263157894736842
0.3333333333333333
0.47368421052631576
0.47368421052631576
0.55
0.55
0.23529411764705882
0.35294117647058826
0.47368421052631576
0.4444444444444444
0.3333333333333333
0.5263157894736842
0.7
0.1875
0.23529411764705882
0.3888888888888889
0.29411764705882354
0.23529411764705882
0.29411764705882354
0.29411764705882354
0.3888888888888889
0.35294117647058826
0.4444444444444444
0.5263157894736842
0.29411764705882354
0.6
0.47368421052631576
0.3888888888888889
0.6
0.6666666666666666
0.3888888888888889
0.47368421052631576
0.6
0.4444444444444444
0.5263157894736842
0.7142857142857143
0.6
0.47368421052631576
0.7272727272727273
0.7142857142857143
0.7272727272727273
0.6666666666666666
0.6
0.875
0.8260869565217391
0.7272727272727273
0.5263157894736842
0.8260869565217391
0.8260869565217391
0.96
0.9615384615384616
0.875
0.875
0.92
0.9615384615384616
0.9615384615384616
1.0
0.9130434782608695
1.0
0.9166666666666666
0.7727272727272727
0.7272727272727273
0.8181818181818182
0.7142857142857143
0.8260869565217391
0.9166666666666666
0.9166666666666666
0.9130434782608695
0.7727272727272727
0.7619047619047619
0.7142857142857143
0.8181818181818182
0.65
0.7142857142857143
0.7619047619047619
0.7619047619047619
0.8095238095238095
0.8181818181818182
0.8636363636363636
0.7142857142857143
0.8181818181818182
0.9130434782608695
0.9130434782608695
0.8636363636363636
0.7619047619047619
0.7619047619047619
0.8636363636363636
0.8095238095238095
0.65
0.9565217391304348
0.8095238095238095
0.8636363636363636
0.7
0.9090909090909091
0.9130434782608695
0.9565217391304348
0.8636363636363636
1.0
0.75
0.8571428571428571
0.9565217391304348
0.7619047619047619
0.8095238095238095
0.8095238095238095
0.9090909090909091
0.9090909090909091
0.8095238095238095
0.9090909090909091
0.8095238095238095
0.9130434782608695
0.7619047619047619
0.8636363636363636
0.8636363636363636
0.8095238095238095
0.9130434782608695
0.8095238095238095
0.9130434782608695
0.9130434782608695
0.9130434782608695
0.9565217391304348
0.8181818181818182
0.9130434782608695
0.8636363636363636
0.9565217391304348
0.9565217391304348
0.9545454545454546
1.0
0.9090909090909091
1.0
0.9565217391304348
0.8095238095238095
1.0
0.9090909090909091
1.0
0.9545454545454546
0.9047619047619048
1.0
0.9
1.0
1.0
0.9523809523809523
0.9523809523809523
1.0
1.0
0.9
1.0
0.95
0.9
0.95
1.0
0.7894736842105263
0.7894736842105263
1.0
0.9473684210526315
0.9473684210526315
1.0
1.0
0.9473684210526315
1.0
0.8947368421052632
0.95
1.0
0.9473684210526315
1.0
0.95
0.8421052631578947
1.0
1.0
1.0
1.0
0.9523809523809523
1.0
0.9
0.9523809523809523
0.9523809523809523
1.0
0.9047619047619048
0.9047619047619048
0.9047619047619048
0.9
0.9047619047619048
1.0
1.0
1.0
0.9545454545454546
0.9523809523809523
0.8571428571428571
0.9523809523809523
1.0
0.9090909090909091
1.0
0.9545454545454546
0.9047619047619048
1.0
1.0
1.0
1.0
0.9545454545454546
1.0
0.9090909090909091
0.9090909090909091
1.0
0.9545454545454546
1.0
0.9090909090909091
1.0
1.0
0.9565217391304348
1.0
1.0
1.0
0.9545454545454546
0.9565217391304348
0.9565217391304348
0.9545454545454546
1.0
1.0
1.0
1.0
1.0
1.0
1.0
0.9545454545454546
1.0
1.0
0.9545454545454546
1.0
1.0
0.9545454545454546
1.0
1.0
1.0
0.9090909090909091
0.9545454545454546
0.9545454545454546
1.0
0.9090909090909091
1.0
1.0
1.0
0.9047619047619048
1.0
0.9545454545454546
1.0
0.8571428571428571
1.0
1.0
0.9545454545454546
1.0
0.9545454545454546
1.0
0.9090909090909091
0.9545454545454546
0.9545454545454546
1.0
1.0
1.0
0.9545454545454546
0.9545454545454546
1.0
0.9545454545454546
0.9545454545454546
0.9545454545454546
0.9090909090909091
0.9047619047619048
0.9545454545454546
1.0
1.0
0.9090909090909091
0.9545454545454546
1.0
0.9545454545454546
0.85
0.9545454545454546
0.9545454545454546
0.85
0.9545454545454546
0.8571428571428571
0.9523809523809523
0.9047619047619048
0.9523809523809523
0.9047619047619048
1.0
0.9523809523809523
0.9047619047619048
0.9545454545454546
0.9523809523809523
1.0
1.0
1.0
0.9523809523809523
1.0
1.0
1.0
1.0
0.9545454545454546
0.9523809523809523
0.9545454545454546
1.0
1.0
1.0
1.0
0.9545454545454546
1.0
1.0
0.9047619047619048
0.9047619047619048
0.9545454545454546
1.0
1.0
0.9545454545454546
1.0
0.9523809523809523
1.0
1.0
1.0
1.0
1.0
1.0
1.0
1.0
1.0
1.0
1.0
0.9523809523809523
1.0
1.0
1.0
1.0
1.0
1.0
0.9523809523809523
0.9523809523809523
1.0
1.0
1.0
1.0
1.0
1.0
1.0
1.0
1.0
0.9523809523809523
1.0
1.0
1.0
1.0
1.0
1.0
1.0
1.0
1.0
1.0
1.0
1.0
0.9523809523809523
1.0
1.0
1.0
1.0
1.0
1.0
1.0
1.0
1.0
1.0
1.0
1.0
1.0
1.0
1.0
1.0
1.0
1.0
1.0
1.0
1.0
1.0
0.9473684210526315
1.0
1.0
1.0
1.0
1.0
1.0
1.0
1.0
1.0
0.9473684210526315
1.0
0.9473684210526315
1.0
1.0
1.0
1.0
1.0
1.0
1.0
1.0
1.0
1.0
1.0
1.0
1.0
1.0
1.0
1.0
1.0
1.0
1.0
1.0
1.0
1.0
1.0
1.0
1.0
1.0
1.0
1.0
1.0
1.0
1.0
1.0
1.0
1.0
1.0
1.0
1.0
1.0
1.0
1.0
1.0
1.0
1.0
1.0
1.0
1.0
1.0
1.0
1.0
1.0
1.0
1.0
1.0
1.0
1.0
1.0
1.0
1.0
1.0
1.0
1.0
1.0
1.0
1.0
1.0
1.0
1.0
1.0
1.0
1.0
1.0
1.0
1.0
1.0
1.0
1.0
1.0
1.0
1.0
1.0
1.0
1.0
1.0
1.0
1.0
1.0
1.0
1.0
1.0
1.0
1.0
1.0
1.0
1.0
1.0
1.0
1.0
1.0
1.0
1.0
1.0
1.0
1.0
1.0
1.0
1.0
1.0
1.0
1.0
1.0
1.0
1.0
1.0
1.0
1.0
1.0
1.0
1.0
1.0
1.0
1.0
1.0
1.0
1.0
1.0
1.0
1.0
1.0
1.0
1.0
1.0
1.0
1.0
1.0
1.0
1.0
1.0
1.0
1.0
1.0
1.0
1.0
1.0
1.0
1.0
1.0
1.0
1.0
1.0
1.0
1.0
1.0
1.0
1.0
1.0
1.0
1.0
1.0
1.0
1.0
1.0
1.0
1.0
1.0
1.0
1.0
1.0
1.0
1.0
1.0
1.0
0.96
1.0
1.0
1.0
1.0
1.0
1.0
1.0
1.0
1.0
1.0
1.0
1.0
1.0
1.0
1.0
1.0
1.0
1.0
1.0
1.0
1.0
1.0
1.0
1.0
1.0
1.0
1.0
1.0
1.0
1.0
1.0
1.0
1.0
1.0
1.0
1.0
1.0
1.0
1.0
1.0
1.0
1.0
1.0
1.0
1.0
1.0
1.0
1.0
1.0
1.0
1.0
1.0
1.0
1.0
1.0
1.0
1.0
1.0
1.0
1.0
1.0
1.0
1.0
1.0
1.0
1.0
1.0
1.0
1.0
1.0
0.9629629629629629
1.0
1.0
1.0
1.0
1.0
1.0
1.0
1.0
1.0
1.0
1.0
1.0
1.0
1.0
1.0
1.0
1.0
1.0
1.0
1.0
1.0
1.0
1.0
1.0
0.9629629629629629
1.0
1.0
1.0
1.0
1.0
1.0
0.9629629629629629
1.0
1.0
1.0
1.0
1.0
1.0
1.0
1.0
1.0
1.0
0.9629629629629629
1.0
1.0
1.0
1.0
1.0
1.0
1.0
1.0
1.0
1.0
1.0
1.0
1.0
1.0
1.0
1.0
1.0
1.0
1.0
1.0
1.0
1.0
1.0
1.0
1.0
1.0
1.0
1.0
1.0
1.0
1.0
1.0
1.0
1.0
1.0
1.0
1.0
1.0
1.0
1.0
1.0
1.0
1.0
1.0
1.0
1.0
1.0
1.0
1.0
1.0
1.0
1.0
1.0
1.0
1.0
1.0
1.0
1.0
1.0
1.0
1.0
1.0
1.0
1.0
1.0
1.0
1.0
1.0
1.0
1.0
1.0
1.0
1.0
1.0
1.0
1.0
1.0
1.0
1.0
1.0
1.0
1.0
1.0
1.0
1.0
1.0
1.0
1.0
1.0
1.0
1.0
1.0
1.0
1.0
1.0
1.0
1.0
1.0
1.0
1.0
1.0
1.0
1.0
1.0
1.0
1.0
1.0
1.0
1.0
1.0
1.0
1.0
1.0
1.0
1.0
1.0
1.0
1.0
1.0
1.0
1.0
1.0
1.0
1.0
1.0
1.0
1.0
1.0
1.0
1.0
1.0
1.0
1.0
1.0
1.0
1.0
1.0
1.0
1.0
1.0
1.0
1.0
1.0
1.0
1.0
1.0
1.0
0.9583333333333334
1.0
1.0
1.0
1.0
1.0
1.0
1.0
1.0
1.0
1.0
1.0
1.0
1.0
1.0
1.0
0.96
1.0
1.0
1.0
1.0
1.0
0.96
1.0
1.0
1.0
1.0
1.0
1.0
1.0
1.0
1.0
1.0
1.0
1.0
1.0
1.0
1.0
1.0
1.0
1.0
1.0
1.0
1.0
1.0
1.0
1.0
1.0
0.9615384615384616
1.0
0.9615384615384616
1.0
1.0
1.0
1.0
1.0
0.92
0.9615384615384616
1.0
1.0
0.9615384615384616
0.9615384615384616
1.0
1.0
1.0
1.0
1.0
1.0
0.9615384615384616
0.96
0.96
1.0
1.0
1.0
1.0
0.9166666666666666
1.0
1.0
1.0
1.0
1.0
1.0
1.0
1.0
1.0
0.96
1.0
1.0
1.0
0.9583333333333334
1.0
1.0
1.0
1.0
1.0
0.9583333333333334
0.9583333333333334
1.0
1.0
0.9583333333333334
1.0
1.0
1.0
1.0
1.0
1.0
0.9130434782608695
1.0
1.0
1.0
0.9130434782608695
1.0
1.0
1.0
0.9565217391304348
1.0
1.0
1.0
1.0
1.0
0.9565217391304348
1.0
1.0
1.0
1.0
1.0
1.0
1.0
1.0
1.0
1.0
1.0
1.0
1.0
1.0
1.0
1.0
1.0
1.0
1.0
1.0
1.0
1.0
1.0
1.0
1.0
1.0
1.0
1.0
1.0
1.0
1.0
1.0
1.0
1.0
1.0
1.0
1.0
1.0
1.0
1.0
1.0
1.0
1.0
1.0
1.0
1.0
1.0
1.0
1.0
1.0
1.0
1.0
1.0
1.0
1.0
1.0
1.0
1.0
1.0
1.0
1.0
1.0
1.0
1.0
1.0
1.0
1.0
1.0
1.0
1.0
1.0
1.0
1.0
1.0
1.0
1.0
1.0
1.0
1.0
1.0
1.0
1.0
1.0
1.0
1.0
1.0
1.0
1.0
1.0
1.0
1.0
1.0
1.0
1.0
1.0
1.0
1.0
1.0
1.0
1.0
1.0
1.0
1.0
1.0
1.0
1.0
1.0
1.0
1.0
1.0
1.0
1.0
1.0
1.0
1.0
1.0
1.0
1.0
1.0
1.0
1.0
1.0
1.0
1.0
1.0
1.0
1.0
1.0
1.0
1.0
1.0
1.0
1.0
1.0
1.0
1.0
1.0
1.0
1.0
1.0
1.0
1.0
1.0
1.0
1.0
1.0
1.0
1.0
1.0
1.0
1.0
1.0
1.0
1.0
1.0
1.0
1.0
1.0
1.0
1.0
1.0
1.0
1.0
1.0
1.0
1.0
1.0
1.0
1.0
1.0
1.0
1.0
1.0
1.0
1.0
1.0
0.96
1.0
1.0
1.0
1.0
1.0
1.0
1.0
1.0
1.0
1.0
1.0
1.0
1.0
1.0
1.0
1.0
1.0
1.0
1.0
1.0
1.0
1.0
1.0
1.0
1.0
1.0
1.0
1.0
1.0
1.0
1.0
1.0
0.9615384615384616
1.0
0.9615384615384616
1.0
1.0
1.0
1.0
1.0
1.0
1.0
1.0
1.0
1.0
1.0
1.0
1.0
1.0
1.0
0.96
1.0
1.0
1.0
1.0
0.9615384615384616
1.0
1.0
1.0
1.0
1.0
1.0
1.0
1.0
1.0
1.0
1.0
1.0
1.0
1.0
1.0
1.0
1.0
1.0
1.0
1.0
1.0
1.0
1.0
1.0
1.0
0.9615384615384616
1.0
1.0
1.0
1.0
1.0
1.0
1.0
1.0
1.0
1.0
1.0
1.0
1.0
1.0
1.0
1.0
1.0
1.0
1.0
1.0
1.0
1.0
1.0
1.0
1.0
1.0
1.0
1.0
1.0
1.0
1.0
1.0
1.0
1.0
1.0
1.0
1.0
1.0
1.0
1.0
1.0
1.0
1.0
1.0
1.0
1.0
1.0
1.0
1.0
1.0
1.0
1.0
1.0
1.0
1.0
1.0
1.0
1.0
1.0
1.0
1.0
1.0
1.0
1.0
1.0
1.0
1.0
1.0
1.0
1.0
1.0
1.0
1.0
1.0
1.0
1.0
1.0
1.0
1.0
1.0
1.0
1.0
1.0
1.0
1.0
1.0
1.0
1.0
1.0
1.0
1.0
1.0
1.0
1.0
1.0
1.0
1.0
1.0
1.0
1.0
1.0
1.0
1.0
1.0
1.0
1.0
1.0
1.0
1.0
1.0
1.0
1.0
1.0
1.0
1.0
1.0
1.0
1.0
1.0
1.0
1.0
1.0
1.0
1.0
1.0
1.0
1.0
1.0
1.0
1.0
1.0
1.0
1.0
1.0
1.0
1.0
1.0
1.0
1.0
1.0
1.0
1.0
1.0
1.0
1.0
1.0
1.0
1.0
1.0
1.0
1.0
1.0
1.0
1.0
1.0
1.0
1.0
1.0
1.0
1.0
1.0
1.0
1.0
1.0
1.0
1.0
1.0
1.0
1.0
1.0
1.0
1.0
1.0
1.0
1.0
1.0
1.0
1.0
1.0
1.0
1.0
1.0
1.0
1.0
1.0
1.0
1.0
1.0
1.0
1.0
1.0
1.0
1.0
1.0
1.0
1.0
1.0
1.0
1.0
1.0
1.0
1.0
1.0
1.0
1.0
1.0
1.0
1.0
1.0
1.0
1.0
1.0
1.0
1.0
1.0
1.0
1.0
1.0
1.0
1.0
1.0
1.0
1.0
1.0
1.0
1.0
1.0
1.0
1.0
1.0
1.0
1.0
1.0
1.0
1.0
1.0
1.0
1.0
1.0
1.0
1.0
1.0
1.0
1.0
1.0
1.0
1.0
1.0
1.0
1.0
1.0
1.0
1.0
1.0
1.0
1.0
1.0
1.0
1.0
1.0
1.0
1.0
1.0
1.0
1.0
1.0
1.0
1.0
1.0
1.0
1.0
1.0
1.0
1.0
1.0
1.0
1.0
1.0
1.0
1.0
1.0
1.0
1.0
1.0
1.0
1.0
1.0
1.0
1.0
1.0
1.0
1.0
1.0
1.0
1.0
1.0
1.0
1.0
1.0
1.0
1.0
1.0
1.0
1.0
1.0
1.0
1.0
1.0
1.0
1.0
1.0
1.0
1.0
1.0
1.0
1.0
1.0
1.0
1.0
1.0
1.0
1.0
1.0
1.0
1.0
1.0
1.0
1.0
1.0
1.0
1.0
1.0
1.0
1.0
1.0
1.0
1.0
1.0
1.0
1.0
1.0
1.0
1.0
1.0
1.0
1.0
1.0
1.0
1.0
1.0
1.0
1.0
1.0
1.0
1.0
1.0
1.0
1.0
1.0
1.0
1.0
1.0
1.0
1.0
1.0
1.0
1.0
1.0
1.0
1.0
1.0
1.0
1.0
1.0
1.0
1.0
1.0
1.0
1.0
1.0
1.0
1.0
1.0
1.0
1.0
1.0
1.0
1.0
1.0
1.0
1.0
1.0
1.0
1.0
1.0
1.0
1.0
1.0
1.0
1.0
1.0
1.0
1.0
1.0
1.0
1.0
1.0
1.0
1.0
1.0
1.0
1.0
1.0
1.0
1.0
1.0
1.0
1.0
1.0
1.0
1.0
1.0
1.0
1.0
1.0
1.0
1.0
1.0
1.0
1.0
1.0
1.0
1.0
1.0
1.0
1.0
1.0
1.0
1.0
1.0
1.0
1.0
1.0
1.0
1.0
1.0
1.0
1.0
1.0
1.0
1.0
1.0
1.0
1.0
1.0
1.0
1.0
1.0
1.0
1.0
1.0
1.0
1.0
1.0
1.0
1.0
1.0
1.0
1.0
1.0
1.0
1.0
1.0
1.0
1.0
1.0
1.0
1.0
1.0
1.0
1.0
1.0
1.0
1.0
1.0
1.0
1.0
1.0
1.0
1.0
1.0
1.0
1.0
1.0
1.0
1.0
1.0
1.0
1.0
1.0
1.0
1.0
1.0
1.0
1.0
1.0
1.0
1.0
1.0
1.0
1.0
1.0
1.0
1.0
1.0
1.0
1.0
1.0
1.0
1.0
1.0
1.0
1.0
1.0
1.0
1.0
1.0
1.0
1.0
1.0
1.0
1.0
1.0
1.0
1.0
1.0
1.0
1.0
1.0
1.0
1.0
1.0
1.0
1.0
1.0
1.0
1.0
1.0
1.0
1.0
1.0
1.0
1.0
1.0
1.0
1.0
1.0
1.0
1.0
1.0
1.0
1.0
1.0
1.0
1.0
1.0
1.0
1.0
1.0
1.0
1.0
1.0
1.0
1.0
1.0
1.0
1.0
1.0
1.0
1.0
1.0
1.0
1.0
1.0
1.0
1.0
1.0
1.0
1.0
1.0
1.0
1.0
1.0
1.0
1.0
1.0
1.0
1.0
1.0
1.0
1.0
1.0
1.0
1.0
1.0
1.0
1.0
1.0
1.0
1.0
1.0
1.0
1.0
1.0
1.0
1.0
1.0
1.0
1.0
1.0
1.0
1.0
1.0
1.0
1.0
1.0
1.0
1.0
1.0
1.0
1.0
1.0
1.0
1.0
1.0
1.0
1.0
1.0
1.0
1.0
1.0
1.0
1.0
1.0
1.0
1.0
1.0
1.0
1.0
1.0
1.0
1.0
1.0
1.0
1.0
1.0
1.0
1.0
1.0
1.0
1.0
1.0
1.0
1.0
1.0
1.0
1.0
1.0
1.0
1.0
1.0
1.0
1.0
1.0
1.0
1.0
1.0
1.0
1.0
1.0
1.0
1.0
1.0
1.0
1.0
1.0
1.0
1.0
1.0
1.0
1.0
1.0
1.0
1.0
1.0
1.0
1.0
1.0
1.0
1.0
1.0
1.0
1.0
1.0
1.0
1.0
1.0
1.0
1.0
1.0
1.0
1.0
0.9615384615384616
0.96
0.96
1.0
1.0
1.0
1.0
1.0
0.9615384615384616
1.0
1.0
1.0
1.0
1.0
1.0
1.0
1.0
0.9615384615384616
1.0
1.0
1.0
0.9629629629629629
1.0
0.9629629629629629
1.0
1.0
0.9629629629629629
1.0
1.0
1.0
1.0
1.0
0.9629629629629629
0.9629629629629629
1.0
0.9615384615384616
1.0
0.9629629629629629
1.0
1.0
0.9629629629629629
1.0
1.0
1.0
1.0
